#Frame DSI
1 15.3991
2 15.3115
3 14.7321
4 15.0889
5 15.0537
6 15.4881
7 14.8824
8 14.8941
9 14.703
10 15.3907
11 15.3527
12 15.0386
13 15.3745
14 15.7646
15 15.5969
16 15.1624
17 14.7497
18 15.4932
19 15.5751
20 15.7526
21 15.3484
22 15.2787
23 15.2866
24 15.2558
25 15.2574
26 15.1438
27 15.4073
28 15.6406
29 15.9252
30 15.9254
31 15.4402
32 15.4241
33 15.3006
34 15.724
35 15.3368
36 15.5205
37 15.5393
38 14.8327
39 15.0853
40 15.1068
41 15.4478
42 16.1734
43 15.8328
44 15.6663
45 15.701
46 15.6069
47 15.8278
48 15.6274
49 15.6807
50 15.8699
51 15.2512
52 15.3261
53 15.7045
54 15.1444
55 15.4502
56 15.5238
57 14.8213
58 15.6911
59 15.073
60 14.9892
61 14.6394
62 15.1927
63 14.9137
64 15.6224
65 15.2959
66 14.9634
67 14.8066
68 15.5128
69 15.6145
70 15.8343
71 15.5786
72 15.3911
73 15.549
74 15.5619
75 15.4642
76 14.9963
77 15.1111
78 15.4198
79 15.792
80 15.8864
81 15.8588
82 15.4391
83 15.7856
84 15.622
85 15.7818
86 15.0606
87 15.5312
88 15.9504
89 15.7533
90 15.5957
91 15.472
92 15.6504
93 15.7795
94 15.0316
95 15.0278
96 15.102
97 15.1418
98 15.6109
99 15.464
100 14.9485
101 14.7964
102 14.8712
103 15.3559
104 14.9391
105 15.3084
106 15.2148
107 14.8968
108 15.0471
109 14.9635
110 14.989
111 14.6697
112 14.547
113 15.014
114 15.2858
115 15.6079
116 15.4779
117 15.4023
118 15.2743
119 15.4536
120 14.5659
121 15.0062
122 15.4145
123 15.4062
124 15.6341
125 15.1722
126 15.2092
127 15.4412
128 15.6795
129 15.3999
130 15.1691
131 15.5721
132 15.2079
133 15.4661
134 15.6986
135 15.2252
136 15.6856
137 15.578
138 15.4191
139 15.5908
140 15.4093
141 15.5738
142 15.7243
143 15.9339
144 16.1909
145 16.0969
146 16.1079
147 16.5932
148 16.3788
149 16.7412
150 17.1203
151 16.6909
152 16.5467
153 17.3452
154 17.6435
155 17.9221
156 17.7468
157 17.582
158 16.7751
159 16.4159
160 16.1808
161 16.1428
162 16.4293
163 16.5937
164 16.3381
165 16.2066
166 16.4302
167 16.2768
168 16.687
169 16.6429
170 16.8443
171 16.9133
172 16.3042
173 16.8614
174 16.5646
175 16.794
176 17.4746
177 16.6349
178 16.3684
179 15.6915
180 16.3422
181 16.6358
182 16.457
183 16.3604
184 17.013
185 16.5384
186 16.1466
187 16.5975
188 16.5855
189 15.9351
190 15.7971
191 16.1154
192 16.1876
193 16.127
194 16.5756
195 16.2637
196 16.8477
197 16.771
198 16.4261
199 15.7123
200 16.4065
201 16.9005
202 16.9201
203 16.8537
204 16.7485
205 16.1144
206 16.2383
207 16.1103
208 16.424
209 16.1821
210 16.2455
211 16.1272
212 16.2133
213 15.9417
214 15.7731
215 16.0055
216 15.6334
217 16.2553
218 16.2007
219 16.7248
220 15.9651
221 15.497
222 15.4892
223 15.1536
224 15.6197
225 15.582
226 16.0871
227 15.8027
228 15.7542
229 15.69
230 16.0256
231 16.8063
232 16.4794
233 16.6517
234 16.5344
235 16.5006
236 16.1688
237 15.8208
238 15.3458
239 16.274
240 16.4391
241 15.6492
242 16.2303
243 16.1741
244 15.7563
245 15.4125
246 15.6719
247 16.2249
248 15.9432
249 15.596
250 15.2661
251 15.6661
252 16.0884
253 16.1315
254 16.1212
255 16.3564
256 15.6124
257 15.6364
258 15.4065
259 15.6435
260 15.2149
261 15.3102
262 15.7923
263 15.6501
264 16.0398
265 15.7452
266 16.0607
267 15.7938
268 15.3571
269 15.5246
270 15.729
271 15.9454
272 16.221
273 16.0335
274 16.3032
275 16.5056
276 16.5479
277 16.2169
278 16.2463
279 16.3571
280 16.3856
281 16.4468
282 16.0346
283 15.7418
284 15.5538
285 15.9078
286 15.7431
287 16.2265
288 16.2872
289 15.9603
290 16.3284
291 15.7097
292 15.5301
293 15.6571
294 15.5084
295 16.3113
296 15.8149
297 16.2677
298 15.5248
299 15.8349
300 15.8078
301 16.0255
302 16.4743
303 16.6204
304 16.3595
305 16.6734
306 16.867
307 16.7343
308 16.5945
309 16.2213
310 16.1167
311 15.8166
312 15.853
313 15.8319
314 15.3198
315 15.1094
316 14.8899
317 14.6497
318 15.6743
319 14.9525
320 15.5274
321 15.6974
322 15.4731
323 15.6457
324 15.8057
325 15.3294
326 16.0779
327 16.4224
328 15.9222
329 15.9128
330 16.0799
331 15.9013
332 16.3662
333 15.8817
334 16.1924
335 16.316
336 16.2993
337 15.9826
338 15.4608
339 15.5416
340 15.2553
341 15.5269
342 15.5917
343 14.7857
344 14.7617
345 15.0471
346 15.4149
347 15.6787
348 15.5176
349 15.2683
350 15.378
351 15.1724
352 14.8767
353 15.3162
354 15.2041
355 15.1993
356 14.8519
357 14.9545
358 14.9418
359 14.5749
360 15.3259
361 14.9505
362 14.5061
363 14.4766
364 14.6587
365 14.6298
366 14.4504
367 14.968
368 14.4001
369 14.787
370 14.6316
371 14.6804
372 14.8688
373 14.6678
374 14.7528
375 14.6825
376 15.1423
377 14.726
378 14.8578
379 14.4437
380 14.9026
381 14.2078
382 14.4502
383 14.7212
384 14.7228
385 15.0609
386 14.8152
387 14.8437
388 14.9282
389 14.838
390 14.767
391 14.9548
392 14.6568
393 14.9395
394 14.847
395 14.8477
396 14.2887
397 14.1397
398 14.1972
399 14.0513
400 14.4531
401 14.0102
402 14.5034
403 14.0961
404 13.8318
405 14.2381
406 14.318
407 14.7236
408 15.0029
409 13.9473
410 14.5636
411 14.9457
412 14.9982
413 14.4941
414 13.764
415 13.9382
416 14.1254
417 14.0978
418 14.298
419 14.3325
420 14.4453
421 14.3239
422 14.3862
423 14.7659
424 14.3458
425 14.4316
426 14.6256
427 14.4484
428 14.2978
429 14.2792
430 14.4148
431 14.5616
432 14.4774
433 14.4373
434 14.1306
435 14.4098
436 14.0755
437 14.3784
438 14.6572
439 14.6293
440 14.5674
441 14.2145
442 14.3806
443 14.3831
444 15.0019
445 15.0996
446 14.4674
447 14.9199
448 14.6408
449 14.6751
450 14.0903
451 14.0083
452 14.3914
453 14.1708
454 14.5124
455 14.3478
456 14.0148
457 14.0771
458 14.4013
459 14.8059
460 14.5515
461 14.3333
462 14.5819
463 14.0748
464 14.393
465 14.105
466 14.2445
467 14.3295
468 14.1174
469 13.9886
470 14.1437
471 13.9017
472 13.6074
473 13.2384
474 13.5787
475 13.7187
476 14.0579
477 14.0434
478 14.4328
479 14.2528
480 14.1681
481 14.3542
482 14.3959
483 14.3137
484 14.2971
485 14.612
486 14.6983
487 14.3006
488 14.8364
489 14.7459
490 14.74
491 14.6428
492 14.5862
493 14.1793
494 14.6484
495 14.2593
496 14.8166
497 14.7456
498 14.8031
499 14.7433
500 14.6426
501 14.208
502 14.3389
503 13.8784
504 13.4228
505 13.7548
506 13.6985
507 14.2477
508 13.7727
509 13.7308
510 13.2517
511 13.7082
512 13.5549
513 13.7132
514 13.5174
515 13.9525
516 13.7853
517 14.056
518 13.9094
519 14.112
520 14.0553
521 13.8221
522 14.2769
523 14.5152
524 14.2294
525 14.6455
526 14.4179
527 14.7188
528 14.4019
529 14.3806
530 13.884
531 14.3336
532 13.9683
533 14.3947
534 14.0143
535 14.1085
536 13.9946
537 14.0588
538 13.7823
539 13.5313
540 13.7338
541 13.8609
542 13.8514
543 13.6714
544 13.1566
545 13.4719
546 14.1904
547 14.3178
548 14.4187
549 14.5549
550 14.6181
551 14.1499
552 14.3095
553 13.7652
554 13.4521
555 13.6212
556 13.3623
557 14.0264
558 14.1138
559 13.9032
560 14.3541
561 13.7836
562 14.2128
563 13.9824
564 13.4856
565 13.704
566 13.488
567 13.5289
568 13.3133
569 13.8646
570 13.6483
571 13.8573
572 14.2676
573 14.3004
574 14.9137
575 14.5595
576 14.1912
577 14.4338
578 14.403
579 13.5751
580 13.659
581 14.1573
582 13.3838
583 13.145
584 13.8583
585 13.9535
586 14.0027
587 13.8994
588 13.8225
589 13.8504
590 13.8991
591 14.1342
592 13.986
593 14.0158
594 13.8903
595 13.7314
596 13.8574
597 13.8549
598 13.8226
599 14.1276
600 14.6035
601 14.4102
602 14.2503
603 13.8147
604 14.2071
605 14.3748
606 13.9414
607 13.8992
608 14.6955
609 14.4996
610 14.5507
611 14.3444
612 13.8846
613 13.8399
614 14.114
615 13.9974
616 14.0948
617 13.9136
618 13.9964
619 14.0467
620 14.0647
621 14.3996
622 13.9636
623 14.2627
624 13.3696
625 14.1069
626 14.1516
627 14.1412
628 14.2178
629 13.8414
630 13.7786
631 14.1445
632 14.4449
633 14.4785
634 14.0862
635 14.0528
636 14.1628
637 14.128
638 13.7741
639 13.6722
640 13.6735
641 13.5807
642 13.731
643 13.0711
644 13.3726
645 13.8382
646 13.5586
647 13.3275
648 13.8882
649 13.7255
650 13.9486
651 14.2296
652 14.2754
653 13.8424
654 14.0549
655 13.8413
656 13.6174
657 13.8706
658 14.3582
659 14.5431
660 14.1334
661 13.9738
662 14.267
663 14.0668
664 14.3645
665 14.0421
666 14.5347
667 14.3003
668 14.2697
669 14.1799
670 13.8795
671 13.8825
672 13.7768
673 14.581
674 14.6808
675 14.5704
676 14.1941
677 14.4585
678 14.5365
679 14.7949
680 14.2137
681 14.332
682 14.1525
683 14.1148
684 14.3954
685 14.1312
686 14.9055
687 14.6548
688 14.6194
689 14.6515
690 14.9636
691 15.1415
692 14.5069
693 14.7212
694 14.2997
695 14.9011
696 14.2377
697 14.5003
698 14.3331
699 14.2365
700 14.4159
701 13.9601
702 13.8084
703 14.2863
704 14.129
705 14.1961
706 14.2281
707 14.2377
708 14.4366
709 14.2741
710 14.4723
711 14.3652
712 14.1034
713 14.0638
714 15.1876
715 14.7633
716 14.4689
717 14.7001
718 14.3766
719 14.5767
720 14.6989
721 14.6881
722 14.2611
723 14.5335
724 14.5207
725 14.0497
726 14.2297
727 14.5495
728 14.6128
729 14.8786
730 14.6091
731 14.4507
732 14.4424
733 14.3505
734 14.2775
735 14.7422
736 14.7974
737 15.214
738 15.0842
739 14.4899
740 14.608
741 14.5083
742 14.6219
743 14.5911
744 14.8811
745 14.8605
746 14.3545
747 14.4906
748 14.8178
749 14.9377
750 15.1649
751 15.2073
752 14.5357
753 14.4283
754 14.3479
755 14.7479
756 14.9372
757 14.3121
758 14.1145
759 14.6773
760 14.8219
761 14.7207
762 13.3453
763 13.6967
764 13.8792
765 13.5387
766 13.3218
767 14.2644
768 14.1225
769 13.9276
770 14.246
771 14.3074
772 13.7088
773 14.3918
774 14.4651
775 14.1172
776 14.2419
777 14.1129
778 13.9871
779 13.7116
780 14.3307
781 14.4066
782 13.8939
783 13.6773
784 13.9392
785 13.7683
786 13.6164
787 14.4629
788 13.8793
789 14.4412
790 14.4066
791 13.9792
792 13.8772
793 14.1314
794 14.7241
795 14.3927
796 14.0071
797 13.9515
798 14.3453
799 14.5848
800 15.1517
801 14.3511
802 14.6162
803 14.11
804 14.435
805 13.7961
806 14.0785
807 13.8518
808 13.6542
809 13.3609
810 13.4405
811 13.6562
812 14.0501
813 13.6821
814 13.559
815 13.6008
816 13.6192
817 13.2387
818 13.3728
819 13.8771
820 13.9007
821 13.9076
822 13.9206
823 14.2594
824 13.8017
825 13.8273
826 14.1292
827 14.2473
828 13.666
829 13.2535
830 13.4803
831 13.6242
832 13.8271
833 14.2617
834 14.0897
835 14.0497
836 14.2388
837 14.2046
838 14.0251
839 13.6828
840 14.1431
841 14.0073
842 13.4139
843 13.499
844 13.595
845 13.1898
846 12.8978
847 13.3314
848 13.4371
849 13.0429
850 12.8093
851 12.7259
852 12.7119
853 12.8743
854 12.806
855 13.5918
856 13.0846
857 13.2276
858 13.1068
859 13.0046
860 12.8007
861 12.9648
862 13.634
863 13.1903
864 13.7642
865 14.2682
866 13.9499
867 14.2464
868 13.6558
869 13.6833
870 13.322
871 14.1751
872 14.3776
873 14.6215
874 14.2498
875 14.4365
876 14.7756
877 14.5718
878 14.6786
879 14.1245
880 14.223
881 14.052
882 13.986
883 14.0523
884 13.8462
885 13.8781
886 13.7648
887 13.8652
888 14.0503
889 14.6415
890 13.7557
891 14.6196
892 14.15
893 13.8644
894 13.4502
895 14.2286
896 14.0476
897 14.2138
898 14.3974
899 14.4929
900 14.0959
901 14.3368
902 14.4479
903 13.9843
904 14.0311
905 14.1945
906 14.2995
907 14.6949
908 14.1562
909 14.6672
910 14.4349
911 14.5305
912 14.2298
913 14.048
914 13.9398
915 13.9462
916 14.01
917 13.6409
918 14.0362
919 13.7527
920 13.5269
921 13.5748
922 13.6696
923 13.3501
924 13.711
925 13.4687
926 13.8739
927 14.055
928 13.9366
929 13.9936
930 14.3844
931 14.3227
932 13.5741
933 14.2205
934 14.3299
935 14.0622
936 14.8577
937 14.297
938 13.9014
939 14.2924
940 14.1601
941 14.3072
942 13.8866
943 14.0635
944 14.4764
945 13.9169
946 14.3794
947 13.729
948 13.3991
949 13.9536
950 13.787
951 14.0304
952 14.3491
953 14.386
954 14.0106
955 14.2108
956 13.9895
957 14.2862
958 14.1548
959 14.4816
960 14.0535
961 13.5352
962 13.7088
963 13.6308
964 13.6084
965 13.2613
966 13.6221
967 14.1503
968 13.9398
969 13.6371
970 14.0977
971 14.2984
972 14.6656
973 14.6546
974 14.3151
975 14.212
976 13.9452
977 13.6351
978 13.3821
979 13.0609
980 12.8262
981 13.3954
982 13.7278
983 13.3062
984 13.4622
985 13.911
986 13.9337
987 14.0314
988 13.7527
989 13.8765
990 14.0117
991 13.9803
992 14.2981
993 13.7439
994 14.2149
995 13.7989
996 13.654
997 13.9684
998 14.5611
999 14.2434
1000 14.0057
1001 13.9038
1002 14.096
1003 14.1907
1004 14.2327
1005 14.2537
1006 14.1986
1007 14.138
1008 13.7787
1009 13.2553
1010 13.7994
1011 13.8017
1012 13.2556
1013 13.5612
1014 13.4971
1015 13.3025
1016 13.3884
1017 13.8458
1018 12.7935
1019 13.6927
1020 13.8367
1021 14.0304
1022 14.1754
1023 14.2467
1024 14.0894
1025 14.3329
1026 14.2479
1027 14.1232
1028 13.9471
1029 13.678
1030 13.7164
1031 14.3785
1032 14.1522
1033 14.1006
1034 14.3674
1035 14.4247
1036 14.3483
1037 14.4461
1038 14.4078
1039 14.2707
1040 13.6102
1041 14.1158
1042 14.1353
1043 14.3911
1044 14.0089
1045 13.984
1046 13.7871
1047 13.9587
1048 13.8379
1049 14.4001
1050 14.1423
1051 13.8137
1052 13.6877
1053 14.4781
1054 14.35
1055 14.412
1056 14.2131
1057 14.5006
1058 14.3402
1059 14.1017
1060 14.0747
1061 14.2159
1062 14.6335
1063 14.9423
1064 14.7133
1065 14.9977
1066 15.6321
1067 14.7605
1068 15.3988
1069 14.8715
1070 14.6284
1071 15.3096
1072 15.3109
1073 14.795
1074 14.6832
1075 14.7324
1076 14.9153
1077 14.8513
1078 14.2724
1079 14.2722
1080 13.8598
1081 13.9966
1082 13.853
1083 14.3666
1084 14.0478
1085 13.6608
1086 13.781
1087 13.3173
1088 13.872
1089 14.115
1090 14.1407
1091 13.9297
1092 14.5083
1093 14.7556
1094 14.2866
1095 14.2662
1096 14.0745
1097 14.5484
1098 14.788
1099 14.5807
1100 14.6309
1101 14.6928
1102 14.2584
1103 13.6828
1104 14.3158
1105 14.2555
1106 14.4659
1107 14.0566
1108 14.2654
1109 14.2485
1110 13.8544
1111 14.2953
1112 14.388
1113 14.3673
1114 14.1981
1115 14.4016
1116 14.4822
1117 14.099
1118 13.9468
1119 14.6411
1120 14.718
1121 14.5252
1122 14.193
1123 14.3399
1124 13.9087
1125 14.3812
1126 14.5545
1127 14.3355
1128 14.3957
1129 14.2408
1130 14.5945
1131 14.21
1132 13.8293
1133 14.3395
1134 14.5708
1135 15.0167
1136 14.4651
1137 14.2855
1138 14.3129
1139 14.7621
1140 14.5342
1141 14.223
1142 13.5373
1143 13.7584
1144 13.9368
1145 13.7847
1146 13.5192
1147 13.4659
1148 13.4424
1149 13.1973
1150 13.9528
1151 13.876
1152 14.2962
1153 14.4395
1154 14.0079
1155 13.9252
1156 13.9926
1157 14.0725
1158 14.3192
1159 14.3671
1160 14.2793
1161 14.2123
1162 14.525
1163 14.4759
1164 13.8748
1165 14.2985
1166 13.6559
1167 14.2774
1168 14.2086
1169 13.8952
1170 14.4174
1171 14.0174
1172 13.8711
1173 13.8151
1174 14.1011
1175 14.1543
1176 14.083
1177 14.0173
1178 14.3239
1179 13.9292
1180 14.0629
1181 14.29
1182 14.3399
1183 14.5705
1184 14.128
1185 14.2681
1186 14.695
1187 14.6993
1188 15.3766
1189 15.2283
1190 15.5896
1191 15.9306
1192 15.8705
1193 16.1122
1194 15.4264
1195 16.0824
1196 15.6543
1197 15.5821
1198 15.4945
1199 14.928
1200 15.346
1201 14.8885
1202 15.0253
1203 14.9501
1204 14.622
1205 14.9098
1206 14.6068
1207 14.6675
1208 14.9937
1209 15.0598
1210 15.0047
1211 15.0742
1212 15.2953
1213 14.4462
1214 14.5926
1215 14.6878
1216 14.7489
1217 15.3175
1218 14.7016
1219 15.2826
1220 15.2273
1221 15.6077
1222 16.2944
1223 15.2256
1224 15.2798
1225 15.7161
1226 15.891
1227 15.7468
1228 15.9639
1229 15.7315
1230 15.7642
1231 16.2067
1232 15.9188
1233 16.0581
1234 16.2723
1235 16.5716
1236 16.013
1237 16.0408
1238 16.4602
1239 16.2184
1240 15.7237
1241 15.6431
1242 15.7363
1243 15.9701
1244 15.2583
1245 15.5204
1246 15.1887
1247 15.2945
1248 15.4488
1249 15.3215
1250 15.0899
1251 14.6168
1252 14.6447
1253 14.3463
1254 14.4562
1255 14.4539
1256 14.8427
1257 14.657
1258 14.8084
1259 14.8576
1260 14.4036
1261 14.852
1262 14.0334
1263 14.2083
1264 13.857
1265 14.2991
1266 13.916
1267 13.3701
1268 13.3115
1269 13.3097
1270 13.414
1271 12.6733
1272 12.6895
1273 12.9727
1274 13.3311
1275 14.2644
1276 14.4549
1277 14.9205
1278 14.8116
1279 14.8205
1280 14.524
1281 14.5975
1282 14.0689
1283 14.6111
1284 14.188
1285 14.4816
1286 14.3243
1287 14.5724
1288 13.8525
1289 13.9544
1290 13.9177
1291 14.4972
1292 13.6793
1293 14.5831
1294 14.1345
1295 13.8438
1296 13.3206
1297 13.5456
1298 13.3521
1299 13.0976
1300 13.0541
1301 13.1909
1302 13.5073
1303 14.1107
1304 13.7223
1305 13.5186
1306 12.8092
1307 13.4641
1308 13.3767
1309 13.4454
1310 12.9385
1311 12.8629
1312 13.2499
1313 13.0809
1314 12.8106
1315 12.6272
1316 13.1034
1317 12.6644
1318 12.7576
1319 12.8954
1320 13.0355
1321 12.7783
1322 12.9756
1323 13.0581
1324 12.989
1325 13.2805
1326 12.8499
1327 13.2988
1328 12.9582
1329 12.9543
1330 12.9775
1331 13.21
1332 13.2309
1333 13.4374
1334 13.0943
1335 13.941
1336 13.7587
1337 13.9387
1338 14.0998
1339 13.767
1340 14.2408
1341 13.8777
1342 14.4441
1343 14.4511
1344 13.8465
1345 14.0578
1346 14.1036
1347 13.9573
1348 13.7968
1349 13.6739
1350 14.3067
1351 13.6528
1352 14.0142
1353 13.8501
1354 13.6162
1355 13.3582
1356 13.5302
1357 13.1895
1358 13.5839
1359 13.6619
1360 13.6206
1361 13.4901
1362 13.3772
1363 13.4484
1364 13.563
1365 13.3493
1366 13.7212
1367 14.6395
1368 15.0343
1369 15.1599
1370 15.3908
1371 15.616
1372 15.525
1373 15.3975
1374 15.5461
1375 14.9475
1376 15.5465
1377 15.5722
1378 15.2696
1379 15.0949
1380 15.6792
1381 15.7428
1382 15.7477
1383 15.4009
1384 15.8371
1385 15.1477
1386 14.875
1387 15.1454
1388 14.9787
1389 14.348
1390 14.562
1391 14.7766
1392 14.7389
1393 14.2375
1394 14.5226
1395 14.2771
1396 13.7211
1397 13.6719
1398 13.902
1399 14.0566
1400 14.3601
1401 13.4508
1402 13.9116
1403 14.0068
1404 14.0482
1405 13.8424
1406 13.8313
1407 14.2312
1408 13.5336
1409 14.0652
1410 14.0948
1411 14.4555
1412 13.4229
1413 14.2618
1414 13.5825
1415 14.337
1416 13.998
1417 13.4754
1418 13.6393
1419 14.3207
1420 13.8917
1421 14.0053
1422 14.2819
1423 14.7755
1424 14.6413
1425 13.7332
1426 13.9585
1427 13.8718
1428 13.6831
1429 13.2171
1430 13.6971
1431 13.7713
1432 13.6564
1433 13.8412
1434 13.9138
1435 13.7418
1436 14.0209
1437 14.0985
1438 13.9532
1439 14.4274
1440 13.9596
1441 14.0559
1442 13.6873
1443 13.273
1444 13.6555
1445 13.7645
1446 13.5025
1447 13.8518
1448 14.2139
1449 14.5837
1450 14.589
1451 14.3307
1452 14.2633
1453 14.1523
1454 14.127
1455 13.6958
1456 14.4712
1457 14.2479
1458 13.8035
1459 14.1491
1460 14.3131
1461 13.931
1462 13.4834
1463 13.9861
1464 13.7336
1465 14.0553
1466 13.891
1467 13.8012
1468 14.6973
1469 13.9069
1470 14.0288
1471 13.7625
1472 13.7481
1473 14.0665
1474 13.7142
1475 13.4311
1476 13.7604
1477 13.427
1478 13.48
1479 13.7025
1480 13.6819
1481 13.3086
1482 13.7812
