#Frame       d_CD-CBM        Rg_CD       Rg_CBM    Rg_Global
       1      49.6814      21.7779      12.5044      28.0637
       2      49.5525      21.7406      12.5004      28.0109
       3      48.9657      21.7023      12.5313      27.8240
       4      49.3434      21.7224      12.5321      27.9217
       5      49.4495      21.8542      12.5416      28.0552
       6      49.7407      21.7350      12.5176      28.0300
       7      49.1576      21.6710      12.6042      27.8559
       8      49.1252      21.6941      12.5370      27.8606
       9      49.0500      21.7086      12.6384      27.8709
      10      49.6995      21.8141      12.4947      28.0898
      11      49.7332      21.7705      12.6100      28.0703
      12      49.3713      21.7821      12.5506      27.9873
      13      49.5633      21.6638      12.5250      27.9542
      14      50.0870      21.6639      12.6585      28.0812
      15      49.9689      21.7081      12.6639      28.0858
      16      49.4064      21.7197      12.5243      27.9385
      17      49.1559      21.7058      12.7004      27.8840
      18      49.8118      21.6745      12.6441      28.0253
      19      49.8261      21.6849      12.5661      28.0468
      20      50.0010      21.7339      12.5145      28.1061
      21      49.5783      21.6884      12.5415      27.9805
      22      49.6008      21.6889      12.6332      27.9905
      23      49.5975      21.7554      12.5555      28.0306
      24      49.6645      21.8564      12.5523      28.1218
      25      49.6904      21.8058      12.6272      28.0937
      26      49.4632      21.7645      12.5549      28.0029
      27      49.7572      21.8020      12.5479      28.1001
      28      50.0058      21.7410      12.6242      28.1382
      29      50.2052      21.6867      12.5933      28.1309
      30      50.1946      21.7108      12.5584      28.1423
      31      49.7030      21.7057      12.5571      28.0147
      32      49.7702      21.7567      12.5894      28.0784
      33      49.5684      21.6966      12.5712      27.9837
      34      50.0588      21.7184      12.6164      28.1158
      35      49.7735      21.7488      12.6879      28.0807
      36      49.8332      21.7474      12.5653      28.0870
      37      49.8022      21.7602      12.5027      28.0937
      38      49.3150      21.8464      12.6359      28.0362
      39      49.4231      21.7648      12.5730      27.9942
      40      49.5290      21.8205      12.6017      28.0543
      41      49.7718      21.7350      12.5890      28.0532
      42      50.5057      21.8005      12.5318      28.2747
      43      50.0888      21.7639      12.4921      28.1419
      44      50.0267      21.8074      12.5530      28.1687
      45      50.0956      21.8101      12.5845      28.1933
      46      50.0425      21.8143      12.6213      28.1866
      47      50.3466      21.9300      12.5888      28.3203
      48      50.0435      21.8818      12.5343      28.2149
      49      50.0705      21.8600      12.5298      28.2087
      50      50.2389      21.7723      12.5967      28.1979
      51      49.6488      21.7914      12.6062      28.0672
      52      49.8183      21.9039      12.5883      28.1811
      53      50.1038      21.8292      12.5701      28.2105
      54      49.5099      21.7966      12.5689      28.0335
      55      49.9170      21.8737      12.5931      28.1839
      56      49.7948      21.7415      12.5295      28.0646
      57      49.1738      21.8009      12.5516      27.9555
      58      50.0397      21.7279      12.6207      28.1314
      59      49.4414      21.7419      12.6265      27.9879
      60      49.4214      21.7959      12.6363      28.0141
      61      49.0271      21.7261      12.6616      27.8751
      62      49.6110      21.8167      12.6016      28.0842
      63      49.3708      21.7529      12.7042      27.9734
      64      49.9004      21.7463      12.5317      28.0937
      65      49.6192      21.7688      12.5545      28.0328
      66      49.4342      21.8414      12.6294      28.0440
      67      49.1088      21.7520      12.5502      27.8895
      68      49.9670      21.7989      12.6553      28.1593
      69      49.9946      21.8164      12.5637      28.1631
      70      50.2231      21.8584      12.5304      28.2336
      71      50.0951      21.8790      12.6375      28.2354
      72      49.7659      21.8099      12.5649      28.1000
      73      49.9045      21.7873      12.5682      28.1147
      74      49.8737      21.7663      12.5455      28.0996
      75      49.8404      21.8245      12.5517      28.1261
      76      49.3707      21.7261      12.6483      27.9462
      77      49.3391      21.6857      12.5423      27.9090
      78      49.7517      21.7517      12.5802      28.0640
      79      50.0824      21.6639      12.6265      28.0915
      80      50.2126      21.6853      12.6409      28.1378
      81      50.1586      21.6784      12.6214      28.1257
      82      49.6685      21.6752      12.5542      27.9828
      83      50.0825      21.7463      12.5506      28.1398
      84      49.9442      21.7301      12.5921      28.0938
      85      50.0853      21.7433      12.5602      28.1394
      86      49.2951      21.7187      12.5158      27.9154
      87      49.7630      21.7608      12.4710      28.0665
      88      50.2631      21.7725      12.5402      28.1967
      89      50.1868      21.8572      12.5763      28.2301
      90      49.9977      21.8508      12.5512      28.1883
      91      49.9099      21.8355      12.6024      28.1639
      92      50.0826      21.8809      12.5513      28.2220
      93      50.0926      21.7801      12.5330      28.1699
      94      49.4987      21.8459      12.6212      28.0589
      95      49.3408      21.7951      12.5179      27.9710
      96      49.4985      21.8627      12.5338      28.0655
      97      49.5520      21.7778      12.6324      28.0227
      98      50.0345      21.8468      12.5768      28.1994
      99      49.9644      21.9404      12.5600      28.2460
     100      49.4143      21.8734      12.5924      28.0561
     101      49.3394      21.9284      12.6146      28.0812
     102      49.4768      21.9467      12.6589      28.1314
     103      49.8077      21.8611      12.5907      28.1492
     104      49.3830      21.8915      12.5524      28.0549
     105      49.8624      21.9160      12.6380      28.1889
     106      49.6552      21.8654      12.5750      28.0959
     107      49.3045      21.8311      12.5766      27.9938
     108      49.4887      21.8742      12.5674      28.0673
     109      49.3717      21.8108      12.5974      27.9979
     110      49.4621      21.9351      12.5380      28.0775
     111      49.1999      21.9638      12.5664      28.0400
     112      48.9356      21.8559      12.5327      27.9008
     113      49.4462      21.8972      12.5350      28.0499
     114      49.7193      21.8422      12.5913      28.0835
     115      50.0194      21.8754      12.5361      28.1797
     116      49.9276      21.9119      12.5378      28.1778
     117      49.9755      22.0010      12.5722      28.2541
     118      49.6873      21.8634      12.5496      28.0938
     119      49.6584      21.7301      12.4747      27.9907
     120      48.9698      21.8758      12.5281      27.9342
     121      49.3492      21.8095      12.5335      27.9859
     122      49.8104      21.8800      12.5159      28.1418
     123      49.8088      21.8981      12.5045      28.1662
     124      49.9550      21.7831      12.5378      28.1203
     125      49.5649      21.8514      12.5413      28.0520
     126      49.5185      21.8353      12.4740      28.0217
     127      49.8799      21.8770      12.5617      28.1492
     128      50.2123      21.9544      12.5784      28.2747
     129      49.9553      22.0083      12.5471      28.2383
     130      49.6453      21.9314      12.5448      28.1163
     131      49.9682      21.8508      12.5453      28.1385
     132      49.6892      21.8729      12.6084      28.0923
     133      49.9232      21.8709      12.5862      28.1459
     134      50.0991      21.9047      12.4958      28.2062
     135      49.5906      21.7461      12.6193      27.9955
     136      50.0779      21.8107      12.5816      28.1513
     137      49.7946      21.7504      12.4662      28.0282
     138      49.7919      21.8108      12.5620      28.0792
     139      49.9353      21.8205      12.5240      28.1139
     140      49.8022      21.8353      12.5576      28.0936
     141      49.9573      21.7805      12.6030      28.1200
     142      50.1892      21.8925      12.5724      28.2282
     143      50.4008      21.8941      12.5728      28.2925
     144      50.5684      21.7900      12.5875      28.2576
     145      50.4544      21.7912      12.5663      28.2370
     146      50.5190      21.8599      12.5512      28.3009
     147      50.8483      21.7967      12.4584      28.3269
     148      50.6332      21.7592      12.4952      28.2424
     149      51.0254      21.7634      12.5208      28.3658
     150      51.4697      21.8445      12.5049      28.5154
     151      50.9734      21.7736      12.5089      28.3474
     152      50.7291      21.7663      12.4161      28.2816
     153      51.6072      21.8554      12.4066      28.5564
     154      51.9661      21.8410      12.4816      28.6652
     155      52.1667      21.7441      12.5005      28.6448
     156      52.0888      21.8430      12.4990      28.6865
     157      51.8905      21.7399      12.5686      28.5804
     158      51.0799      21.6945      12.6103      28.3354
     159      50.7265      21.7856      12.5250      28.2808
     160      50.6609      21.8544      12.6257      28.3238
     161      50.5457      21.9115      12.4914      28.3264
     162      50.8051      21.8704      12.5054      28.3639
     163      50.8993      21.8818      12.4238      28.4014
     164      50.8093      21.8561      12.6151      28.3760
     165      50.6324      21.8675      12.5583      28.3199
     166      50.8253      21.8902      12.5049      28.3929
     167      50.5770      21.7882      12.5120      28.2590
     168      51.0597      21.8718      12.5009      28.4444
     169      51.0680      21.8980      12.5271      28.4682
     170      51.3716      22.0321      12.4952      28.6302
     171      51.2885      21.8753      12.4999      28.4942
     172      50.6816      21.8699      12.5075      28.3379
     173      51.2969      21.9275      12.5080      28.5268
     174      51.0309      21.9643      12.5020      28.4920
     175      51.3235      21.9962      12.5333      28.5924
     176      52.0391      22.0606      12.5039      28.8310
     177      50.9926      21.9302      12.4275      28.4584
     178      50.6545      21.8049      12.4812      28.2875
     179      49.9895      21.8609      12.4371      28.1702
     180      50.7355      21.8636      12.5297      28.3491
     181      50.8877      21.8613      12.3906      28.3686
     182      50.8905      21.8795      12.5540      28.4065
     183      50.6936      21.9249      12.4083      28.3575
     184      51.4706      21.9014      12.5562      28.5502
     185      50.9834      21.9238      12.5212      28.4381
     186      50.6032      21.9344      12.5222      28.3476
     187      51.0597      22.0395      12.4227      28.5279
     188      51.1800      22.0094      12.5851      28.5476
     189      50.4009      21.9549      12.5109      28.3080
     190      50.2312      21.8676      12.5665      28.2118
     191      50.4698      21.9331      12.4213      28.3079
     192      50.5922      21.9661      12.4385      28.3549
     193      50.4965      21.9260      12.4435      28.3260
     194      50.9950      21.9829      12.4365      28.4805
     195      50.7230      21.9641      12.4952      28.4144
     196      51.3151      22.0227      12.4447      28.5827
     197      51.1327      21.8571      12.5046      28.4255
     198      50.8914      21.9959      12.4694      28.4497
     199      50.2262      22.0003      12.5136      28.2895
     200      50.9777      22.0757      12.4955      28.5373
     201      51.4226      22.0497      12.4724      28.6194
     202      51.4251      22.0218      12.4832      28.5965
     203      51.3506      22.0235      12.4734      28.5905
     204      51.3261      22.1140      12.4636      28.6564
     205      50.6943      22.1150      12.4649      28.4914
     206      50.9236      22.1618      12.5235      28.5833
     207      50.7376      22.1687      12.4586      28.5506
     208      51.0186      22.1554      12.4392      28.6104
     209      50.7340      22.0970      12.4549      28.4894
     210      50.8741      22.0534      12.5752      28.5059
     211      50.6749      22.0612      12.4865      28.4590
     212      50.7882      22.1128      12.4621      28.5039
     213      50.6393      22.1817      12.5159      28.5204
     214      50.3465      22.1189      12.4545      28.4084
     215      50.5408      22.0503      12.4850      28.4128
     216      50.1526      21.9950      12.5242      28.2834
     217      50.7485      22.0079      12.4853      28.4417
     218      50.7516      21.9752      12.5757      28.4270
     219      51.1634      21.9356      12.5030      28.4920
     220      50.4133      21.9940      12.4542      28.3542
     221      50.1061      22.0316      12.5775      28.3025
     222      49.9168      21.9342      12.4934      28.1802
     223      49.7692      22.0633      12.5523      28.2333
     224      50.1528      22.0230      12.5101      28.3002
     225      50.1181      22.0228      12.5133      28.2905
     226      50.7985      22.1436      12.5678      28.5539
     227      50.4000      22.0566      12.5407      28.3937
     228      50.3507      22.0817      12.5148      28.3904
     229      50.2818      22.0314      12.5604      28.3471
     230      50.6041      22.0522      12.5263      28.4376
     231      51.3333      22.0544      12.4726      28.6119
     232      50.9874      22.0386      12.4694      28.5097
     233      51.1638      22.0621      12.4500      28.5857
     234      50.9539      21.9498      12.4697      28.4479
     235      50.9691      21.9822      12.4863      28.5030
     236      50.7981      22.0845      12.5448      28.4993
     237      50.4066      22.0197      12.5661      28.3693
     238      49.9530      22.0693      12.5379      28.2804
     239      50.8701      22.0871      12.5090      28.5366
     240      51.0109      21.9874      12.5844      28.4970
     241      50.1664      21.9698      12.5474      28.2540
     242      51.0148      22.0928      12.6917      28.5768
     243      50.6637      21.9759      12.5137      28.4035
     244      50.4001      21.9527      12.6911      28.3243
     245      50.0075      21.9892      12.6058      28.2490
     246      50.0718      21.8183      12.5816      28.1469
     247      50.6897      21.9532      12.5116      28.3890
     248      50.4271      21.9779      12.5060      28.3469
     249      49.9166      21.8070      12.5136      28.1107
     250      49.6560      21.8435      12.5464      28.0622
     251      50.0354      21.7732      12.5961      28.1143
     252      50.4896      21.9010      12.5002      28.3168
     253      50.6025      21.8575      12.6135      28.3173
     254      50.6738      21.9959      12.5567      28.4209
     255      50.8941      21.9408      12.5969      28.4480
     256      50.0218      21.8266      12.5828      28.1485
     257      50.0465      21.7955      12.6146      28.1275
     258      49.8719      21.9327      12.5327      28.1738
     259      50.0824      21.8741      12.5648      28.2050
     260      49.6345      21.9387      12.4809      28.1112
     261      49.7992      21.9535      12.5355      28.1679
     262      50.2288      21.9609      12.4756      28.2776
     263      50.1413      21.9620      12.5292      28.2606
     264      50.5119      21.9784      12.4937      28.3584
     265      50.2319      22.0052      12.4815      28.3124
     266      50.5973      21.9915      12.5451      28.3996
     267      50.3292      21.9582      12.5772      28.3115
     268      49.9096      21.9637      12.5888      28.2189
     269      50.0886      21.9874      12.5766      28.2706
     270      50.1675      21.8757      12.5628      28.2118
     271      50.5220      22.0250      12.5516      28.3960
     272      50.6685      21.9599      12.4876      28.3792
     273      50.5754      21.9443      12.5976      28.3559
     274      50.7812      22.0106      12.4674      28.4435
     275      50.9999      21.9109      12.5834      28.4480
     276      51.0916      21.9878      12.5559      28.5337
     277      50.7803      22.0183      12.5451      28.4661
     278      50.7807      22.0117      12.5227      28.4535
     279      50.7396      21.9186      12.4639      28.3783
     280      50.9448      21.9765      12.5827      28.4930
     281      51.0728      22.0443      12.5817      28.5682
     282      50.5747      22.0305      12.5096      28.4427
     283      50.3058      21.9974      12.5666      28.3394
     284      50.1757      22.0205      12.6014      28.3401
     285      50.4482      22.0212      12.5192      28.3855
     286      50.2826      21.9246      12.6149      28.2950
     287      50.6850      21.9025      12.5560      28.3783
     288      50.8472      21.9362      12.6238      28.4403
     289      50.5244      21.9479      12.6162      28.3751
     290      50.9088      22.0163      12.5641      28.5112
     291      50.2465      21.9322      12.6046      28.2917
     292      50.0125      21.8674      12.6150      28.1931
     293      50.2177      21.9109      12.6497      28.2812
     294      50.1116      21.9656      12.6376      28.2870
     295      50.7979      21.9595      12.5271      28.4379
     296      50.3340      21.9552      12.5639      28.3250
     297      50.7620      21.9502      12.5441      28.4248
     298      50.0247      21.9292      12.5707      28.2476
     299      50.2878      21.9052      12.5477      28.2849
     300      50.2643      21.8852      12.5713      28.2734
     301      50.4045      21.8275      12.5515      28.2661
     302      50.9759      21.8793      12.6223      28.4484
     303      51.0238      21.8194      12.5840      28.4119
     304      50.9516      21.9680      12.6241      28.4936
     305      51.2580      21.9632      12.6214      28.5629
     306      51.4285      21.9802      12.5813      28.6126
     307      51.2587      21.9682      12.5562      28.5435
     308      51.1652      21.9308      12.6399      28.5130
     309      50.8398      22.0119      12.6066      28.4896
     310      50.7494      21.9993      12.6334      28.4627
     311      50.3723      21.9498      12.6059      28.3263
     312      50.3125      21.8523      12.6072      28.2400
     313      50.4455      22.0427      12.5709      28.3993
     314      49.8954      21.9121      12.6635      28.1790
     315      49.7070      22.0016      12.5960      28.1910
     316      49.4400      21.9289      12.6212      28.0750
     317      49.1501      21.9076      12.5928      27.9844
     318      50.2210      21.9502      12.5965      28.2815
     319      49.5149      21.9573      12.6051      28.1011
     320      50.0823      21.8946      12.6603      28.2215
     321      50.2437      21.9903      12.5560      28.3280
     322      50.0406      21.9924      12.5751      28.2755
     323      50.2364      21.9991      12.5916      28.3414
     324      50.3397      22.0172      12.5168      28.3537
     325      49.8480      21.9473      12.5713      28.1883
     326      50.5944      21.9420      12.5745      28.3610
     327      50.8352      21.9765      12.4363      28.4402
     328      50.4403      21.9651      12.5530      28.3314
     329      50.4628      21.9326      12.6174      28.3252
     330      50.5612      21.9550      12.5263      28.3565
     331      50.3037      21.8365      12.5659      28.2251
     332      50.8274      21.9299      12.5313      28.4062
     333      50.2617      21.8214      12.5586      28.2038
     334      50.5248      21.8311      12.5013      28.2632
     335      50.8108      21.9961      12.4987      28.4463
     336      50.7289      21.9618      12.4678      28.3998
     337      50.3641      21.9255      12.4560      28.2908
     338      50.1113      22.0645      12.5860      28.3269
     339      50.0955      22.0231      12.5308      28.2796
     340      49.8579      22.0269      12.5757      28.2255
     341      50.0654      22.0041      12.5344      28.2643
     342      49.9847      21.9205      12.4725      28.1827
     343      49.2491      21.9654      12.4980      28.0356
     344      49.2436      22.0121      12.4698      28.0675
     345      49.6240      22.0458      12.5311      28.1873
     346      49.9599      22.0449      12.5001      28.2669
     347      50.2809      22.0558      12.5464      28.3608
     348      50.0249      21.9735      12.5338      28.2416
     349      49.9311      22.0379      12.6249      28.2755
     350      50.0042      22.0991      12.5271      28.3248
     351      49.8567      22.0994      12.5849      28.2906
     352      49.5230      22.0307      12.6156      28.1562
     353      49.8579      22.0343      12.5074      28.2423
     354      49.9235      22.1078      12.6116      28.3060
     355      49.8527      22.0421      12.6113      28.2437
     356      49.5738      22.0789      12.6430      28.2084
     357      49.6035      22.0721      12.5769      28.2015
     358      49.5615      21.9956      12.6241      28.1538
     359      49.2589      22.0682      12.6158      28.1272
     360      49.9477      22.0592      12.5626      28.2788
     361      49.6467      22.0528      12.6434      28.2057
     362      49.1416      22.0462      12.5893      28.0823
     363      49.1962      22.0602      12.6594      28.1038
     364      49.4541      22.1436      12.6518      28.2129
     365      49.4216      22.1253      12.6665      28.1913
     366      49.1437      22.1291      12.5642      28.1197
     367      49.6097      22.0458      12.5959      28.1754
     368      49.1696      22.0870      12.6825      28.1107
     369      49.4137      22.0411      12.5856      28.1355
     370      49.2020      21.9851      12.5853      28.0410
     371      49.3332      22.0733      12.5795      28.1253
     372      49.5235      22.0416      12.6131      28.1507
     373      49.1721      21.9231      12.5812      27.9809
     374      49.4504      22.0488      12.6488      28.1472
     375      49.3393      21.9913      12.6655      28.0841
     376      49.6936      21.9840      12.5673      28.1562
     377      49.4654      22.0555      12.6839      28.1606
     378      49.6314      22.0411      12.7325      28.1940
     379      49.0519      21.9828      12.6254      27.9942
     380      49.5169      21.9230      12.6913      28.0824
     381      48.9304      22.0320      12.6906      28.0097
     382      49.1203      21.9959      12.6742      28.0261
     383      49.3836      22.0088      12.6536      28.0946
     384      49.4475      21.9691      12.7556      28.0955
     385      49.6596      21.9845      12.6142      28.1507
     386      49.4231      22.0147      12.5932      28.1157
     387      49.6326      22.0703      12.7186      28.2238
     388      49.5079      21.9996      12.5801      28.1275
     389      49.4338      22.0545      12.5413      28.1455
     390      49.3979      22.0306      12.6003      28.1117
     391      49.5896      22.0364      12.5984      28.1650
     392      49.2921      22.0069      12.6284      28.0794
     393      49.5382      22.0382      12.5605      28.1509
     394      49.4987      21.9837      12.6680      28.1106
     395      49.4916      22.0701      12.5738      28.1639
     396      48.9308      22.0307      12.6114      28.0087
     397      48.8079      22.0412      12.6270      27.9809
     398      48.8234      22.0247      12.6015      27.9698
     399      48.7589      22.0371      12.6705      27.9648
     400      49.1325      22.0292      12.6502      28.0484
     401      48.6664      22.0506      12.6056      27.9574
     402      49.1012      21.9527      12.6451      28.0107
     403      48.6172      21.9137      12.6074      27.8522
     404      48.4314      22.0008      12.5988      27.8695
     405      48.8823      22.0477      12.5965      28.0114
     406      48.8769      21.9237      12.6352      27.9199
     407      49.2738      21.9593      12.5909      28.0391
     408      49.5631      21.9435      12.6167      28.1006
     409      48.5017      21.9246      12.6298      27.8375
     410      49.1261      21.9668      12.5957      28.0057
     411      49.4756      21.9315      12.5984      28.0683
     412      49.5702      21.9818      12.5902      28.1387
     413      48.9614      21.8891      12.5782      27.9188
     414      48.2515      21.9163      12.5712      27.7673
     415      48.5427      22.0316      12.5729      27.9125
     416      48.6248      21.9324      12.5670      27.8805
     417      48.6122      21.9192      12.5952      27.8451
     418      48.8804      21.9179      12.6645      27.9181
     419      48.8767      21.9942      12.5500      27.9499
     420      49.0521      21.9981      12.6087      28.0324
     421      48.9358      22.0187      12.5932      28.0008
     422      48.9521      21.9643      12.6016      27.9626
     423      49.3856      21.9914      12.6283      28.0800
     424      48.8492      21.9287      12.5747      27.9160
     425      49.0338      21.9739      12.6283      27.9917
     426      49.1909      21.9642      12.6011      28.0136
     427      49.0401      21.9540      12.6377      27.9843
     428      48.8844      21.9523      12.6343      27.9468
     429      48.7861      21.9687      12.5382      27.9197
     430      48.9262      21.9794      12.5320      27.9539
     431      49.0156      21.9025      12.5515      27.9359
     432      48.9596      21.9219      12.5603      27.9353
     433      48.9092      21.9472      12.5247      27.9478
     434      48.6681      21.9383      12.5992      27.8812
     435      48.9591      21.9046      12.6447      27.9193
     436      48.6205      21.9839      12.5611      27.8781
     437      48.9185      21.9487      12.5914      27.9363
     438      49.2071      22.0076      12.5423      28.0400
     439      49.2411      22.0339      12.5779      28.0856
     440      49.1677      22.0162      12.5841      28.0509
     441      48.8101      22.0120      12.5836      27.9552
     442      48.9419      21.9594      12.6019      27.9548
     443      48.9104      21.9149      12.6124      27.9184
     444      49.5242      21.9572      12.5651      28.1022
     445      49.6353      21.9755      12.5602      28.1412
     446      48.8609      21.9000      12.4935      27.8797
     447      49.3271      21.9359      12.4713      28.0329
     448      49.0384      21.8416      12.5560      27.8955
     449      49.2220      21.9710      12.5759      28.0534
     450      48.5563      21.9188      12.5472      27.8366
     451      48.4646      21.9371      12.5192      27.8199
     452      48.8254      21.9098      12.5242      27.8930
     453      48.6597      21.9392      12.5497      27.8701
     454      48.9339      21.9031      12.5184      27.9097
     455      48.8056      21.9483      12.5095      27.9053
     456      48.3842      21.8967      12.4727      27.7768
     457      48.4542      21.8673      12.5098      27.7647
     458      48.8041      21.9134      12.4894      27.8935
     459      49.1500      21.8097      12.5344      27.9134
     460      49.1060      21.9524      12.6021      27.9983
     461      48.7784      21.8870      12.5581      27.8722
     462      49.0586      21.8687      12.6080      27.9398
     463      48.4658      21.8291      12.5619      27.7559
     464      48.8541      21.9086      12.5525      27.8957
     465      48.5589      21.8919      12.5620      27.8200
     466      48.7451      21.8990      12.6016      27.8724
     467      48.8972      21.9741      12.5936      27.9543
     468      48.6767      21.9456      12.6137      27.8874
     469      48.5169      21.9037      12.6246      27.8217
     470      48.6154      21.8940      12.5777      27.8407
     471      48.4344      21.9076      12.6251      27.8131
     472      48.0500      21.9222      12.5204      27.7117
     473      47.7935      21.9309      12.6242      27.6597
     474      48.0594      21.9481      12.5326      27.7361
     475      48.2194      21.9006      12.6001      27.7462
     476      48.5511      21.9547      12.5385      27.8464
     477      48.5360      21.9244      12.5682      27.8331
     478      48.8648      21.9615      12.4705      27.9294
     479      48.7367      21.9450      12.5389      27.8904
     480      48.5962      21.9048      12.5233      27.8281
     481      48.7432      21.8724      12.5166      27.8345
     482      48.8362      21.9324      12.5079      27.9161
     483      48.7858      21.8902      12.5819      27.8857
     484      48.8322      21.9021      12.6330      27.8989
     485      49.0949      21.8562      12.6267      27.9257
     486      49.0798      21.8883      12.4932      27.9468
     487      48.6915      21.8310      12.5599      27.8115
     488      49.3422      21.9364      12.5694      28.0508
     489      49.3872      21.9514      12.6899      28.0729
     490      49.1232      21.8691      12.5141      27.9294
     491      49.0488      21.8748      12.5312      27.9352
     492      49.0758      21.8826      12.6070      27.9441
     493      48.6062      21.8672      12.5597      27.8139
     494      49.1519      21.9201      12.5834      27.9842
     495      48.7308      21.9685      12.5030      27.9090
     496      49.2522      21.8701      12.5655      27.9746
     497      49.1692      21.8724      12.5512      27.9566
     498      49.3678      21.9799      12.5848      28.0907
     499      49.1144      21.8457      12.5254      27.9378
     500      49.1722      21.9572      12.5724      28.0234
     501      48.7261      21.9789      12.5392      27.9111
     502      48.7798      21.9210      12.5199      27.8965
     503      48.2959      21.9005      12.5170      27.7554
     504      47.8666      21.8993      12.5445      27.6479
     505      48.2616      21.9576      12.5492      27.7885
     506      48.1909      21.9574      12.5350      27.7672
     507      48.7975      21.9870      12.5628      27.9446
     508      48.3244      21.9990      12.5527      27.8326
     509      48.2508      21.9980      12.5220      27.8079
     510      47.7952      22.0364      12.5071      27.7193
     511      48.2680      22.0143      12.5455      27.8270
     512      48.0003      21.8994      12.5460      27.6819
     513      48.2091      21.9307      12.5652      27.7459
     514      48.1353      21.9785      12.6394      27.7692
     515      48.4064      21.8771      12.5768      27.7724
     516      48.2801      21.9308      12.5640      27.7682
     517      48.6353      21.9818      12.5975      27.8937
     518      48.4606      21.9179      12.6333      27.8118
     519      48.5787      21.8963      12.5704      27.8181
     520      48.4965      21.8687      12.5725      27.7758
     521      48.4479      21.9719      12.6539      27.8480
     522      48.8373      21.9344      12.6260      27.9174
     523      49.0652      21.9091      12.6409      27.9590
     524      48.6611      21.8596      12.5721      27.8274
     525      49.0220      21.8242      12.5523      27.8872
     526      48.9872      21.8495      12.7198      27.9076
     527      49.1202      21.8206      12.5808      27.9092
     528      48.8116      21.8065      12.6032      27.8342
     529      48.7894      21.8558      12.5530      27.8495
     530      48.2812      21.8834      12.5138      27.7394
     531      48.7058      21.7776      12.5946      27.7734
     532      48.5066      21.8581      12.6802      27.7865
     533      48.9622      21.8883      12.6792      27.9321
     534      48.5869      21.9306      12.6420      27.8705
     535      48.5697      21.8729      12.5883      27.8201
     536      48.5789      21.9673      12.6170      27.8693
     537      48.5290      21.8253      12.6449      27.7729
     538      48.2315      21.9005      12.5487      27.7544
     539      48.1241      21.9988      12.5940      27.7968
     540      48.1755      21.8673      12.5744      27.7075
     541      48.3605      21.8823      12.6173      27.7785
     542      48.3254      21.8883      12.5857      27.7575
     543      48.1734      21.9395      12.5625      27.7529
     544      47.6622      21.8409      12.6647      27.5722
     545      47.8231      21.7836      12.5676      27.5703
     546      48.6248      21.8671      12.5673      27.8314
     547      48.7412      21.9400      12.4834      27.9093
     548      48.9674      21.9782      12.5705      27.9877
     549      49.0707      21.9453      12.5705      27.9886
     550      49.0339      21.7913      12.6245      27.8818
     551      48.5167      21.8298      12.5370      27.7695
     552      48.7825      21.8725      12.6005      27.8796
     553      48.2645      21.9118      12.5875      27.7758
     554      47.9753      21.9160      12.6072      27.7121
     555      48.1118      21.8854      12.6052      27.7310
     556      47.8694      21.8915      12.6156      27.6691
     557      48.4020      21.8056      12.5700      27.7213
     558      48.4200      21.8318      12.4744      27.7496
     559      48.3341      21.8478      12.5831      27.7461
     560      48.8030      21.9896      12.4593      27.9444
     561      48.3511      21.9711      12.5964      27.8297
     562      48.6640      21.8926      12.5586      27.8612
     563      48.5500      21.9390      12.6286      27.8630
     564      47.9929      21.8435      12.6638      27.6721
     565      48.1214      21.8493      12.5681      27.6870
     566      47.9629      21.8559      12.6190      27.6648
     567      47.9037      21.8205      12.5543      27.6118
     568      47.7535      21.8604      12.5798      27.6037
     569      48.3278      21.8481      12.6151      27.7545
     570      48.0818      21.8581      12.5754      27.6872
     571      48.3567      21.8687      12.6307      27.7601
     572      48.7739      21.8761      12.6302      27.8741
     573      48.7015      21.8383      12.5628      27.8272
     574      49.3719      21.9013      12.5569      28.0353
     575      48.9938      21.8413      12.5930      27.8959
     576      48.6927      21.9010      12.6005      27.8688
     577      48.8945      21.9282      12.5325      27.9305
     578      48.7980      21.8377      12.5573      27.8530
     579      48.1341      21.9332      12.6258      27.7569
     580      48.1044      21.8760      12.5694      27.7064
     581      48.5160      21.8445      12.5142      27.7865
     582      47.8246      21.8732      12.5676      27.6381
     583      47.6762      21.9592      12.5720      27.6645
     584      48.3371      21.9484      12.5304      27.8118
     585      48.5030      21.9410      12.6085      27.8502
     586      48.4634      21.8581      12.6026      27.7958
     587      48.4119      21.8975      12.6150      27.7991
     588      48.3200      21.9186      12.5789      27.7939
     589      48.2310      21.7482      12.6324      27.6561
     590      48.3081      21.8181      12.5909      27.7131
     591      48.5205      21.8541      12.5322      27.7886
     592      48.3975      21.8438      12.5677      27.7470
     593      48.4067      21.8055      12.5854      27.7382
     594      48.2528      21.8485      12.5140      27.7335
     595      48.1067      21.8368      12.5385      27.6763
     596      48.3438      21.9087      12.5777      27.7872
     597      48.2533      21.8181      12.5803      27.6997
     598      48.2377      21.8443      12.5708      27.7038
     599      48.4929      21.8268      12.5385      27.7636
     600      49.0486      21.8948      12.5503      27.9534
     601      48.8955      21.8818      12.6035      27.8961
     602      48.7270      21.8661      12.6106      27.8791
     603      48.2695      21.8433      12.6115      27.7207
     604      48.6291      21.9359      12.4861      27.8591
     605      48.8876      21.9668      12.5460      27.9561
     606      48.3532      21.8485      12.5633      27.7475
     607      48.3331      21.8317      12.6022      27.7187
     608      49.0803      21.8530      12.5318      27.9163
     609      48.9954      21.9283      12.5675      27.9604
     610      49.0080      21.8479      12.6094      27.9164
     611      48.7442      21.8471      12.5527      27.8383
     612      48.3056      21.8890      12.5320      27.7578
     613      48.1356      21.7692      12.5265      27.6417
     614      48.5155      21.8774      12.5241      27.8239
     615      48.4359      21.8265      12.6120      27.7604
     616      48.5154      21.8561      12.5645      27.7843
     617      48.3575      21.8776      12.5663      27.7612
     618      48.4309      21.8978      12.5367      27.7936
     619      48.5280      21.9148      12.5665      27.8285
     620      48.5443      21.9714      12.5082      27.8813
     621      48.9090      21.9664      12.5430      27.9697
     622      48.5006      21.9718      12.5652      27.8838
     623      48.7865      21.9170      12.6068      27.9085
     624      47.9129      21.9051      12.6382      27.6912
     625      48.5181      21.8449      12.5663      27.7924
     626      48.6770      21.9145      12.6109      27.8911
     627      48.6586      21.8716      12.6458      27.8526
     628      48.6206      21.8566      12.5462      27.8322
     629      48.2321      21.8430      12.5477      27.7268
     630      48.2637      21.8889      12.5962      27.7675
     631      48.6077      21.8852      12.5780      27.8526
     632      48.8879      21.8900      12.5530      27.9111
     633      49.0283      21.9619      12.5879      27.9949
     634      48.5817      21.8987      12.5968      27.8408
     635      48.4886      21.8397      12.5961      27.7932
     636      48.6404      21.8773      12.6003      27.8502
     637      48.6157      21.8809      12.6068      27.8410
     638      48.1670      21.8477      12.5452      27.7046
     639      48.0802      21.8384      12.5696      27.6884
     640      48.0933      21.8191      12.6007      27.6761
     641      48.0671      21.8602      12.6262      27.7116
     642      48.2234      21.8985      12.5939      27.7681
     643      47.6701      21.9125      12.6865      27.6441
     644      47.9195      21.9601      12.5868      27.7314
     645      48.1847      21.8667      12.4798      27.7284
     646      47.9468      21.8189      12.5693      27.6555
     647      47.7136      21.8240      12.5621      27.5810
     648      48.2080      21.7990      12.5208      27.6704
     649      48.0035      21.7644      12.5136      27.6085
     650      48.2872      21.8299      12.5087      27.7203
     651      48.5521      21.8837      12.4388      27.8199
     652      48.6974      21.8612      12.5608      27.8419
     653      48.1942      21.8163      12.5355      27.6824
     654      48.3538      21.8491      12.4498      27.7361
     655      48.2881      21.8148      12.6320      27.7063
     656      48.0385      21.8134      12.6077      27.6519
     657      48.2911      21.8373      12.5832      27.7205
     658      48.7650      21.8309      12.5759      27.8543
     659      49.0022      21.8542      12.6049      27.9022
     660      48.5020      21.8121      12.5565      27.7568
     661      48.4907      21.9362      12.5807      27.8507
     662      48.5547      21.7739      12.5138      27.7438
     663      48.2802      21.8056      12.4078      27.6969
     664      48.7289      21.8328      12.5316      27.8241
     665      48.4744      21.8790      12.5533      27.7930
     666      48.9326      21.8595      12.5384      27.9050
     667      48.7700      21.9603      12.5094      27.9184
     668      48.8207      21.9590      12.5920      27.9380
     669      48.6153      21.9082      12.5272      27.8517
     670      48.3566      21.9073      12.5698      27.7857
     671      48.4079      21.9700      12.5554      27.8463
     672      48.2047      21.9060      12.5219      27.7446
     673      49.0667      21.9203      12.5654      27.9624
     674      49.1887      21.9575      12.5504      28.0184
     675      49.0038      21.8531      12.5803      27.9056
     676      48.6920      21.8887      12.6092      27.8387
     677      48.9698      22.0302      12.4811      28.0051
     678      49.0710      21.9702      12.5643      28.0024
     679      49.1830      21.9095      12.4786      27.9810
     680      48.6137      21.8963      12.5037      27.8408
     681      48.8798      21.9718      12.5760      27.9597
     682      48.6811      21.9689      12.5597      27.9065
     683      48.6490      21.9393      12.5949      27.8720
     684      48.7946      21.9052      12.4940      27.8798
     685      48.5490      21.9177      12.5001      27.8210
     686      49.2772      21.8703      12.5014      27.9747
     687      49.1062      21.9221      12.5293      27.9697
     688      49.0778      21.9539      12.5045      27.9763
     689      49.0746      21.9513      12.4718      27.9753
     690      49.4306      21.8980      12.5690      28.0394
     691      49.6154      21.9024      12.5715      28.0915
     692      48.9021      21.8525      12.5427      27.8762
     693      49.1542      21.9570      12.4760      27.9967
     694      48.7652      21.9588      12.5067      27.9156
     695      49.4347      21.9953      12.5383      28.1021
     696      48.7132      21.9012      12.5743      27.8699
     697      48.8826      21.9569      12.4254      27.9357
     698      48.8146      21.9903      12.4912      27.9442
     699      48.6040      21.8750      12.4925      27.8222
     700      48.7974      21.9151      12.4664      27.8811
     701      48.2889      21.8030      12.5258      27.7101
     702      48.2707      21.9351      12.5272      27.7892
     703      48.8154      21.9815      12.5476      27.9450
     704      48.6134      22.0054      12.4790      27.9060
     705      48.6367      21.9663      12.4743      27.8790
     706      48.6703      21.8490      12.5932      27.8216
     707      48.6452      21.8434      12.5641      27.8153
     708      48.8343      21.8661      12.5316      27.8593
     709      48.8396      21.9966      12.5689      27.9601
     710      49.0050      21.9746      12.5581      27.9875
     711      48.7425      21.8398      12.5375      27.8221
     712      48.5512      21.9183      12.5295      27.8339
     713      48.4909      21.9054      12.5217      27.8106
     714      49.6978      21.9642      12.5460      28.1517
     715      49.2254      21.9913      12.4708      28.0390
     716      48.8900      21.8930      12.5281      27.8863
     717      49.1849      21.9614      12.5234      28.0148
     718      48.9151      22.0230      12.5155      27.9982
     719      49.0460      21.9218      12.5475      27.9605
     720      49.1330      21.9477      12.4864      27.9848
     721      49.1771      21.9435      12.5455      27.9978
     722      48.7115      21.9433      12.5071      27.8769
     723      49.1203      22.0513      12.5355      28.0676
     724      49.0609      21.9602      12.5800      27.9941
     725      48.4923      21.9063      12.5363      27.8130
     726      48.5774      21.8619      12.4858      27.8051
     727      48.8728      21.9061      12.4172      27.8934
     728      49.0558      21.8326      12.6104      27.9084
     729      49.3654      21.9792      12.5076      28.0712
     730      49.0450      21.9188      12.5171      27.9629
     731      48.9817      21.9730      12.5580      27.9854
     732      48.8054      21.8539      12.5091      27.8712
     733      48.6175      21.8541      12.4129      27.8266
     734      48.7096      21.9182      12.5139      27.8908
     735      49.1991      21.8913      12.5656      27.9961
     736      49.2258      21.9244      12.5040      28.0180
     737      49.5934      21.8352      12.5442      28.0416
     738      49.4910      21.8705      12.5363      28.0399
     739      48.8515      21.8498      12.5118      27.8669
     740      49.1092      21.9434      12.5578      28.0080
     741      49.0260      21.9497      12.5680      27.9875
     742      49.0709      21.9145      12.5345      27.9715
     743      49.0289      21.9246      12.5132      27.9654
     744      49.3644      21.9251      12.5582      28.0535
     745      49.5156      22.0158      12.6393      28.1591
     746      48.7441      21.8554      12.5342      27.8442
     747      48.9507      21.9870      12.4731      27.9816
     748      49.2991      21.9720      12.5093      28.0548
     749      49.3276      21.9129      12.4770      28.0230
     750      49.6426      21.9551      12.5226      28.1331
     751      49.6316      21.9301      12.4942      28.1089
     752      48.9831      21.9595      12.4879      27.9679
     753      48.8771      21.9776      12.4712      27.9537
     754      48.8064      21.9390      12.5195      27.9055
     755      49.1327      21.8832      12.5016      27.9515
     756      49.4950      22.0917      12.4661      28.1855
     757      48.7848      21.9871      12.4856      27.9233
     758      48.5660      21.9447      12.5068      27.8466
     759      49.2157      21.9848      12.5536      28.0423
     760      49.3896      22.0595      12.5082      28.1353
     761      49.2703      22.0477      12.5019      28.1091
     762      47.8024      21.8941      12.5630      27.6463
     763      48.1358      21.9184      12.5207      27.7353
     764      48.3312      21.9782      12.4738      27.8201
     765      47.9768      21.9571      12.4810      27.7043
     766      47.9011      22.0357      12.5436      27.7535
     767      48.7349      21.9654      12.5051      27.9095
     768      48.5851      21.9467      12.5159      27.8530
     769      48.5078      22.0165      12.5637      27.8902
     770      48.6681      21.9169      12.5052      27.8623
     771      48.8530      22.0038      12.5418      27.9737
     772      48.2565      22.0150      12.5327      27.8231
     773      48.9914      22.0576      12.5420      28.0318
     774      49.0060      21.9963      12.5446      27.9915
     775      48.6954      22.0537      12.5245      27.9542
     776      48.7309      21.9661      12.5229      27.8991
     777      48.6122      21.9779      12.5214      27.8940
     778      48.4771      22.0288      12.4612      27.8996
     779      48.3054      22.0572      12.5366      27.8878
     780      48.8707      21.9471      12.5929      27.9739
     781      49.0472      22.0900      12.5506      28.1143
     782      48.5216      22.0788      12.5489      27.9808
     783      48.2913      22.1105      12.5035      27.9352
     784      48.5997      22.1133      12.5472      28.0155
     785      48.4280      22.0994      12.5603      27.9680
     786      48.1413      22.0361      12.4888      27.8436
     787      48.9695      22.0556      12.4510      28.0585
     788      48.3999      22.0335      12.4871      27.9032
     789      48.9983      22.0542      12.5029      28.0715
     790      49.0747      22.1214      12.5467      28.1377
     791      48.6706      22.1350      12.5564      28.0170
     792      48.3055      21.9533      12.4750      27.7982
     793      48.8018      22.1361      12.5343      28.0578
     794      49.3029      22.0136      12.5652      28.0891
     795      48.8985      22.0406      12.4652      28.0062
     796      48.6412      22.1284      12.5057      28.0023
     797      48.5051      22.0505      12.5031      27.9203
     798      48.7543      21.9525      12.4565      27.9017
     799      49.1063      22.0553      12.4662      28.0668
     800      49.6620      22.0774      12.4329      28.2071
     801      48.7439      21.9312      12.4616      27.8927
     802      48.9628      21.9218      12.4248      27.9423
     803      48.5740      21.9683      12.4957      27.8715
     804      48.9328      21.9958      12.5020      27.9789
     805      48.3139      22.0247      12.4931      27.8545
     806      48.5231      21.9685      12.4761      27.8600
     807      48.4163      22.0403      12.5242      27.8957
     808      48.1502      22.0141      12.4819      27.8165
     809      47.7923      21.9925      12.4389      27.6980
     810      47.9809      21.9494      12.5910      27.7407
     811      48.0545      21.9127      12.4856      27.7156
     812      48.4271      21.9638      12.4132      27.8283
     813      48.1082      21.9347      12.4914      27.7496
     814      47.9687      21.9674      12.4423      27.7388
     815      48.0066      21.9200      12.4858      27.7108
     816      48.0180      21.9315      12.4673      27.7339
     817      47.6809      21.9090      12.5332      27.6350
     818      47.9189      22.0228      12.5233      27.7779
     819      48.4575      22.0084      12.5720      27.8930
     820      48.4362      21.9522      12.5833      27.8423
     821      48.4070      21.9208      12.5786      27.8180
     822      48.4119      21.9795      12.5118      27.8533
     823      48.6392      21.9080      12.4718      27.8511
     824      48.2282      21.9948      12.4317      27.8208
     825      48.2061      21.8895      12.4893      27.7499
     826      48.6343      22.0132      12.4919      27.9493
     827      48.7839      22.0246      12.5120      27.9849
     828      48.0040      21.9323      12.4057      27.7248
     829      47.7153      21.9308      12.5310      27.6656
     830      47.8455      21.9504      12.4148      27.6925
     831      48.0329      21.8873      12.5214      27.7000
     832      48.1539      21.8578      12.4690      27.7094
     833      48.7083      21.9432      12.5034      27.9069
     834      48.5101      21.9355      12.4849      27.8449
     835      48.4418      21.8865      12.5056      27.8116
     836      48.7807      22.0215      12.5204      27.9750
     837      48.6791      21.9861      12.4884      27.9200
     838      48.5991      22.0140      12.5600      27.9259
     839      48.1361      21.9848      12.4685      27.7809
     840      48.6085      21.9196      12.5458      27.8615
     841      48.4618      21.8819      12.5726      27.7873
     842      47.8704      21.9112      12.5453      27.6808
     843      47.8772      21.9026      12.4756      27.6738
     844      48.0467      21.9270      12.5247      27.7228
     845      47.6375      21.9672      12.4805      27.6479
     846      47.3493      21.9196      12.5319      27.5392
     847      47.7860      21.9831      12.4715      27.6958
     848      47.8813      21.9951      12.4491      27.7312
     849      47.4314      21.9444      12.4441      27.5845
     850      47.1496      21.8859      12.4544      27.4692
     851      47.1975      21.9467      12.5249      27.5266
     852      47.1954      21.9274      12.5561      27.5122
     853      47.3602      21.8855      12.6004      27.5269
     854      47.3743      21.9769      12.5914      27.5910
     855      47.9710      21.8632      12.5160      27.6485
     856      47.5038      21.8643      12.5549      27.5436
     857      47.6048      21.8510      12.5262      27.5550
     858      47.5927      21.8682      12.6177      27.5803
     859      47.3409      21.8107      12.5256      27.4696
     860      47.2691      21.8625      12.6059      27.4857
     861      47.5227      21.9684      12.5895      27.6206
     862      48.0851      21.9122      12.5389      27.7063
     863      47.6359      21.8750      12.5706      27.5789
     864      48.1457      21.8766      12.5049      27.6974
     865      48.6795      21.8701      12.5412      27.8330
     866      48.4211      21.9004      12.5708      27.8002
     867      48.7483      21.9111      12.5908      27.8948
     868      48.1272      21.9111      12.5603      27.7453
     869      48.2090      21.9333      12.5924      27.7626
     870      47.8386      21.9481      12.5685      27.6942
     871      48.6200      21.9215      12.5234      27.8555
     872      48.7998      21.9435      12.4787      27.9087
     873      49.0122      21.8920      12.4987      27.9338
     874      48.6352      21.9108      12.4746      27.8671
     875      48.9024      21.8665      12.5994      27.9084
     876      49.1163      21.7989      12.5418      27.9196
     877      48.8109      21.6897      12.5494      27.7608
     878      49.0698      21.8223      12.5689      27.9285
     879      48.5335      21.7527      12.6563      27.7532
     880      48.4984      21.7496      12.5258      27.7278
     881      48.2555      21.6756      12.5279      27.6222
     882      48.2231      21.7092      12.5279      27.6250
     883      48.5175      21.8760      12.5892      27.8225
     884      48.2115      21.7578      12.6075      27.6710
     885      48.2453      21.8237      12.5435      27.7064
     886      48.1262      21.8308      12.5306      27.6837
     887      48.2280      21.7249      12.6379      27.6521
     888      48.3048      21.7660      12.4885      27.6783
     889      48.8855      21.7156      12.5284      27.7837
     890      48.1035      21.7818      12.5660      27.6480
     891      48.9838      21.8326      12.5316      27.8884
     892      48.3983      21.7093      12.5390      27.6645
     893      48.1790      21.7635      12.5511      27.6700
     894      47.8165      21.7888      12.5775      27.5907
     895      48.6751      21.8080      12.6385      27.8045
     896      48.3909      21.7856      12.5577      27.7233
     897      48.5920      21.8187      12.5595      27.7910
     898      48.6714      21.7338      12.5402      27.7506
     899      48.8369      21.8373      12.5067      27.8438
     900      48.4051      21.6993      12.6099      27.6570
     901      48.7109      21.8038      12.5703      27.7988
     902      48.8086      21.8171      12.5436      27.8335
     903      48.5458      21.9209      12.6406      27.8585
     904      48.3559      21.7474      12.5774      27.6760
     905      48.6028      21.8413      12.5670      27.8008
     906      48.6737      21.7353      12.6389      27.7489
     907      49.0619      21.8161      12.5509      27.8969
     908      48.6347      21.8824      12.5961      27.8444
     909      49.1792      21.9972      12.5148      28.0448
     910      48.9470      21.8799      12.6322      27.9189
     911      48.9316      21.8294      12.5717      27.8796
     912      48.5451      21.7383      12.5770      27.7253
     913      48.3626      21.7664      12.5482      27.6889
     914      48.3142      21.8117      12.5627      27.7037
     915      48.2646      21.8003      12.5181      27.6850
     916      48.4203      21.8288      12.5815      27.7499
     917      47.9644      21.7790      12.5445      27.5963
     918      48.2994      21.6996      12.5636      27.6195
     919      48.0741      21.7834      12.5380      27.6330
     920      47.8160      21.7984      12.4907      27.5854
     921      47.7385      21.7392      12.4245      27.5261
     922      47.9242      21.7806      12.4740      27.5962
     923      47.5567      21.7401      12.4665      27.4708
     924      48.0519      21.8519      12.4890      27.6745
     925      47.8519      21.8052      12.5780      27.5960
     926      48.2030      21.7698      12.5593      27.6555
     927      48.4472      21.7803      12.6119      27.7359
     928      48.3446      21.8712      12.5368      27.7670
     929      48.4013      21.8001      12.6076      27.7421
     930      48.7426      21.7925      12.5657      27.8016
     931      48.8601      21.9157      12.6217      27.9205
     932      47.9922      21.8746      12.5435      27.6696
     933      48.5848      21.8450      12.5193      27.7915
     934      48.7135      21.8250      12.5586      27.8137
     935      48.4799      21.8001      12.6176      27.7588
     936      49.1450      21.8330      12.4543      27.9243
     937      48.6421      21.8180      12.5271      27.7955
     938      48.3767      21.9041      12.5712      27.7836
     939      48.7976      21.9014      12.6038      27.8896
     940      48.5561      21.8247      12.5713      27.7702
     941      48.6735      21.8306      12.5357      27.8063
     942      48.3073      21.8033      12.6174      27.7130
     943      48.4048      21.7617      12.5796      27.6960
     944      48.9446      21.8409      12.6273      27.8952
     945      48.3116      21.8210      12.5737      27.7166
     946      48.7488      21.8729      12.4965      27.8450
     947      48.0857      21.8313      12.5254      27.6770
     948      47.7906      21.8240      12.5675      27.5890
     949      48.2763      21.8114      12.5113      27.6910
     950      48.1630      21.8130      12.5630      27.6851
     951      48.3465      21.7716      12.5445      27.7040
     952      48.6813      21.8003      12.5319      27.7972
     953      48.7119      21.7582      12.5677      27.7709
     954      48.3264      21.7868      12.5290      27.6882
     955      48.6138      21.8162      12.5868      27.7933
     956      48.2450      21.7651      12.4904      27.6679
     957      48.7932      21.8317      12.6753      27.8815
     958      48.5250      21.7970      12.5732      27.7661
     959      48.8115      21.8099      12.5200      27.8490
     960      48.5013      21.8319      12.6159      27.7903
     961      47.8507      21.7582      12.5573      27.5561
     962      48.0477      21.8300      12.5089      27.6338
     963      47.9637      21.7422      12.5907      27.5609
     964      48.1164      21.9027      12.6053      27.7204
     965      47.7593      21.9189      12.5791      27.6434
     966      47.9451      21.7797      12.5433      27.5882
     967      48.4413      21.7662      12.5248      27.7116
     968      48.4513      21.8640      12.6475      27.7970
     969      48.0121      21.7966      12.5784      27.6308
     970      48.5840      21.8385      12.6478      27.7951
     971      48.8562      21.9156      12.6422      27.9140
     972      49.0573      21.7920      12.5997      27.8746
     973      49.0652      21.7872      12.6234      27.8615
     974      48.7166      21.8033      12.5982      27.7894
     975      48.6008      21.7932      12.5956      27.7546
     976      48.3429      21.7553      12.6424      27.6668
     977      48.0020      21.8217      12.5452      27.6107
     978      47.7454      21.8285      12.5348      27.5641
     979      47.4502      21.7875      12.6018      27.4560
     980      47.2476      21.8198      12.6016      27.4630
     981      47.8239      21.8730      12.5555      27.6287
     982      48.2803      21.9984      12.5541      27.8139
     983      47.8011      21.9548      12.5401      27.6666
     984      47.9067      21.9076      12.5369      27.6674
     985      48.4577      21.9502      12.5965      27.8300
     986      48.3800      21.9233      12.5230      27.7718
     987      48.3571      21.8825      12.4432      27.7371
     988      48.3169      21.9764      12.5878      27.8182
     989      48.2896      21.9072      12.5059      27.7543
     990      48.3385      21.8653      12.4615      27.7332
     991      48.3175      21.8351      12.5021      27.7063
     992      48.7114      21.8459      12.5674      27.8285
     993      48.1974      21.9621      12.4914      27.7834
     994      48.5871      21.8637      12.5085      27.7990
     995      48.1993      21.8651      12.5353      27.7065
     996      47.9562      21.8126      12.4896      27.6159
     997      48.3568      21.8428      12.5456      27.7245
     998      49.0727      21.9386      12.5730      27.9692
     999      48.6410      21.9273      12.4703      27.8590
    1000      48.3497      21.8722      12.4718      27.7661
    1001      48.2350      21.8288      12.5024      27.7020
    1002      48.5205      21.9270      12.4975      27.8254
    1003      48.5777      21.8702      12.5168      27.8132
    1004      48.7491      21.9533      12.5631      27.9251
    1005      48.7380      21.8992      12.5851      27.8682
    1006      48.5733      21.9001      12.4746      27.8296
    1007      48.5633      21.9581      12.4672      27.8561
    1008      48.1419      21.9007      12.4625      27.7171
    1009      47.7726      21.9056      12.6117      27.6233
    1010      48.2728      21.8951      12.5783      27.7630
    1011      48.2110      21.8802      12.5291      27.7346
    1012      47.7510      21.9038      12.5916      27.6497
    1013      47.9790      21.8717      12.5461      27.6794
    1014      47.9493      21.8978      12.5544      27.6913
    1015      47.8089      21.9052      12.6012      27.6515
    1016      47.8067      21.9101      12.5082      27.6532
    1017      48.1336      21.8307      12.4571      27.6864
    1018      47.2721      21.8284      12.6502      27.4938
    1019      48.1174      21.8706      12.5541      27.7103
    1020      48.2419      21.8838      12.5214      27.7596
    1021      48.2995      21.7553      12.5138      27.6820
    1022      48.5387      21.8222      12.5411      27.7716
    1023      48.8636      22.0274      12.5895      28.0116
    1024      48.5639      21.9203      12.5542      27.8493
    1025      48.8172      21.8806      12.6037      27.8992
    1026      48.7621      21.8538      12.6604      27.8716
    1027      48.6268      21.9261      12.5775      27.8591
    1028      48.4573      21.9239      12.5863      27.8220
    1029      48.2032      21.8739      12.6513      27.7307
    1030      48.1030      21.8316      12.5550      27.6736
    1031      48.7109      21.7965      12.5359      27.8017
    1032      48.5091      21.8409      12.5160      27.7671
    1033      48.4866      21.8559      12.5301      27.7719
    1034      48.8123      21.9430      12.5019      27.9183
    1035      48.7552      21.8706      12.4599      27.8561
    1036      48.7824      21.8896      12.5445      27.8782
    1037      48.8690      21.9034      12.5195      27.8994
    1038      48.8785      21.8704      12.6003      27.8858
    1039      48.7359      21.9067      12.5585      27.8726
    1040      47.9466      21.8497      12.4867      27.6293
    1041      48.5572      21.8497      12.5917      27.8000
    1042      48.5368      21.8234      12.5781      27.7682
    1043      48.7235      21.8311      12.5013      27.8156
    1044      48.3968      21.8712      12.5167      27.7531
    1045      48.3393      21.8246      12.5307      27.7269
    1046      48.1597      21.8242      12.5484      27.6739
    1047      48.2551      21.8110      12.4854      27.6976
    1048      48.2401      21.8696      12.5326      27.7575
    1049      48.7913      21.9030      12.4882      27.9172
    1050      48.5642      21.8882      12.5337      27.8368
    1051      48.1629      21.8193      12.5299      27.6861
    1052      47.9575      21.7595      12.5103      27.5995
    1053      48.7391      21.8092      12.4518      27.8112
    1054      48.5223      21.7822      12.3901      27.7466
    1055      48.7928      21.8489      12.5319      27.8785
    1056      48.6345      21.8263      12.5951      27.8161
    1057      48.8541      21.8118      12.5417      27.8427
    1058      48.6916      21.8332      12.5182      27.8254
    1059      48.5557      21.8430      12.6110      27.8036
    1060      48.4242      21.7685      12.5810      27.7152
    1061      48.6004      21.8572      12.5273      27.8073
    1062      49.0765      21.8944      12.5486      27.9536
    1063      49.2551      21.8202      12.4926      27.9515
    1064      49.0567      21.7819      12.5615      27.8662
    1065      49.3960      21.7567      12.6416      27.9463
    1066      49.9590      21.8324      12.4945      28.1278
    1067      49.1350      21.8560      12.5185      27.9458
    1068      49.7493      21.8718      12.4787      28.0992
    1069      49.2214      21.8069      12.5430      27.9286
    1070      48.9970      21.8015      12.5671      27.8646
    1071      49.7425      21.8407      12.5922      28.0915
    1072      49.6106      21.8201      12.4796      28.0366
    1073      49.3253      21.8954      12.6349      28.0327
    1074      49.0941      21.8294      12.5815      27.9062
    1075      49.0412      21.7649      12.5439      27.8480
    1076      49.3781      21.8196      12.6432      27.9791
    1077      49.2293      21.8507      12.5273      27.9526
    1078      48.7250      21.8107      12.6419      27.8129
    1079      48.6769      21.8496      12.5551      27.8191
    1080      48.3660      21.8682      12.6380      27.7706
    1081      48.4607      21.8696      12.5945      27.7883
    1082      48.2708      21.8383      12.5795      27.7221
    1083      48.8914      21.9399      12.5849      27.9402
    1084      48.4948      21.8294      12.6176      27.7690
    1085      48.0134      21.7795      12.5731      27.6208
    1086      48.1649      21.7893      12.5946      27.6639
    1087      47.7523      21.7889      12.6461      27.5622
    1088      48.2944      21.8738      12.5486      27.7552
    1089      48.5501      21.8639      12.5712      27.7975
    1090      48.5046      21.8125      12.5514      27.7619
    1091      48.3009      21.7555      12.6157      27.6757
    1092      48.8691      21.8083      12.5525      27.8533
    1093      49.2372      21.8541      12.6275      27.9950
    1094      48.7051      21.8647      12.5538      27.8600
    1095      48.7461      21.8553      12.6246      27.8812
    1096      48.5749      21.8104      12.6900      27.7963
    1097      49.0664      21.9413      12.5767      28.0051
    1098      49.1704      21.8222      12.5602      27.9346
    1099      48.9629      21.8357      12.5465      27.8961
    1100      49.0272      21.8735      12.5228      27.9209
    1101      49.1866      21.9270      12.5668      28.0160
    1102      48.7050      21.9421      12.5045      27.9076
    1103      48.1986      21.8858      12.6300      27.7602
    1104      48.7693      21.8908      12.5627      27.8811
    1105      48.6448      21.8742      12.5151      27.8400
    1106      48.9003      21.8260      12.6084      27.8702
    1107      48.5016      21.8773      12.5677      27.8006
    1108      48.6879      21.8428      12.5797      27.8175
    1109      48.6929      21.8249      12.6195      27.8300
    1110      48.3080      21.8290      12.6246      27.7204
    1111      48.7632      21.8211      12.6468      27.8297
    1112      48.7473      21.8105      12.5488      27.7996
    1113      48.8726      21.8379      12.6674      27.8698
    1114      48.6198      21.8094      12.6123      27.7866
    1115      48.9420      21.9215      12.6189      27.9418
    1116      48.9428      21.8124      12.6482      27.8726
    1117      48.6179      21.8497      12.6692      27.8367
    1118      48.4103      21.8349      12.6286      27.7589
    1119      48.9910      21.7655      12.5844      27.8546
    1120      49.0918      21.7850      12.5888      27.8944
    1121      49.1189      21.9138      12.6799      28.0087
    1122      48.7589      21.8643      12.7016      27.8812
    1123      48.8272      21.8386      12.6487      27.8701
    1124      48.3974      21.8877      12.6010      27.7988
    1125      48.7688      21.8118      12.5758      27.8462
    1126      48.9328      21.7836      12.5947      27.8551
    1127      48.9116      21.8989      12.6772      27.9314
    1128      48.9077      21.8712      12.6408      27.9031
    1129      48.6625      21.8136      12.6081      27.8113
    1130      49.0925      21.8593      12.6387      27.9410
    1131      48.6502      21.8006      12.6396      27.7944
    1132      48.2732      21.8372      12.6067      27.7157
    1133      48.7277      21.8333      12.5549      27.8357
    1134      48.9796      21.7928      12.6160      27.8643
    1135      49.3001      21.7729      12.5105      27.9260
    1136      48.8278      21.8011      12.5616      27.8315
    1137      48.6577      21.8007      12.5715      27.7822
    1138      48.7858      21.8764      12.5965      27.8781
    1139      49.2466      21.8740      12.6105      27.9976
    1140      49.1167      21.9960      12.5865      28.0504
    1141      48.8006      22.0000      12.5776      27.9692
    1142      48.0407      21.9205      12.5829      27.7265
    1143      48.1378      21.8656      12.5138      27.7034
    1144      48.4342      21.8845      12.6129      27.7973
    1145      48.2016      21.8616      12.5553      27.7060
    1146      47.9383      21.8109      12.6082      27.6118
    1147      47.9076      21.8736      12.5681      27.6521
    1148      47.9748      21.9222      12.6102      27.7079
    1149      47.7379      21.9135      12.6271      27.6387
    1150      48.4392      21.9266      12.5598      27.8029
    1151      48.2457      21.7789      12.5908      27.6744
    1152      48.7286      21.9100      12.5224      27.8690
    1153      49.0269      21.9349      12.6525      27.9705
    1154      48.4576      21.8877      12.5620      27.7855
    1155      48.4539      21.9398      12.5889      27.8326
    1156      48.4797      21.9046      12.5825      27.8073
    1157      48.6009      21.9477      12.5807      27.8691
    1158      48.8661      21.9500      12.5969      27.9168
    1159      48.7895      21.8635      12.5589      27.8639
    1160      48.7302      21.8806      12.5703      27.8587
    1161      48.6279      21.8829      12.5327      27.8331
    1162      49.0447      21.9603      12.5594      27.9914
    1163      48.9720      21.9113      12.5848      27.9502
    1164      48.3126      21.8295      12.6083      27.7132
    1165      48.7779      21.8767      12.6027      27.8629
    1166      48.1702      21.8944      12.6199      27.7182
    1167      48.7360      21.8622      12.5964      27.8458
    1168      48.7237      21.8910      12.6241      27.8691
    1169      48.4015      21.8440      12.6623      27.7502
    1170      48.8552      21.8461      12.5917      27.8622
    1171      48.5598      21.8856      12.6568      27.8216
    1172      48.3974      21.9041      12.6222      27.8100
    1173      48.3474      21.9500      12.5823      27.8176
    1174      48.5716      21.9031      12.5674      27.8504
    1175      48.5692      21.8480      12.5669      27.7969
    1176      48.5996      21.9239      12.5927      27.8676
    1177      48.5219      21.8628      12.6418      27.8045
    1178      48.8627      21.8380      12.7008      27.8933
    1179      48.3115      21.8540      12.5283      27.7383
    1180      48.4411      21.8454      12.5328      27.7668
    1181      48.7374      21.8470      12.6004      27.8490
    1182      48.7013      21.8360      12.5254      27.8163
    1183      49.0457      21.9005      12.5747      27.9494
    1184      48.5920      21.8320      12.6320      27.7912
    1185      48.7508      21.7831      12.6996      27.8097
    1186      49.0816      21.7905      12.5961      27.9105
    1187      49.1798      21.8142      12.6663      27.9540
    1188      49.7921      21.8544      12.5611      28.1134
    1189      49.6571      21.8775      12.5513      28.0895
    1190      49.9785      21.8024      12.5865      28.1158
    1191      50.3295      21.7918      12.6071      28.2017
    1192      50.2748      21.8633      12.5410      28.2254
    1193      50.6250      21.9062      12.6066      28.3467
    1194      49.8529      21.8322      12.5943      28.0995
    1195      50.4095      21.8532      12.4739      28.2583
    1196      50.0477      21.8724      12.5210      28.1800
    1197      49.9793      21.8389      12.5583      28.1436
    1198      49.9332      21.8526      12.5861      28.1386
    1199      49.3936      21.8642      12.6014      28.0057
    1200      49.6996      21.7611      12.5925      28.0207
    1201      49.2422      21.8047      12.5490      27.9212
    1202      49.3996      21.7790      12.5953      27.9551
    1203      49.2744      21.7403      12.5840      27.8827
    1204      49.1237      21.8572      12.6445      27.9460
    1205      49.2755      21.7321      12.6336      27.9006
    1206      49.0043      21.8189      12.5786      27.8714
    1207      49.0695      21.8067      12.5953      27.8954
    1208      49.2731      21.7402      12.5392      27.8880
    1209      49.4749      21.7563      12.6588      27.9596
    1210      49.4789      21.7955      12.6787      27.9920
    1211      49.5636      21.7778      12.7116      28.0038
    1212      49.7215      21.8005      12.6257      28.0563
    1213      48.7642      21.7793      12.5387      27.8005
    1214      48.9510      21.7975      12.5609      27.8508
    1215      49.1294      21.8040      12.6376      27.9079
    1216      49.2065      21.9146      12.5430      27.9907
    1217      49.7984      21.9420      12.5389      28.1647
    1218      49.1277      21.8623      12.5638      27.9395
    1219      49.8301      21.8790      12.6685      28.1392
    1220      49.5726      21.7946      12.5507      27.9915
    1221      50.0027      21.8381      12.5569      28.1286
    1222      50.7678      21.8512      12.6222      28.3406
    1223      49.6175      21.8217      12.5702      28.0241
    1224      49.7427      21.8724      12.5905      28.0852
    1225      50.1875      21.8286      12.6428      28.1991
    1226      50.2909      21.7796      12.6203      28.1766
    1227      50.0666      21.7894      12.5304      28.1153
    1228      50.3880      21.8074      12.6167      28.2256
    1229      50.0592      21.7800      12.5477      28.1110
    1230      50.2311      21.8038      12.6631      28.1694
    1231      50.5891      21.8307      12.5517      28.2602
    1232      50.2585      21.7497      12.5900      28.1370
    1233      50.4794      21.8328      12.5885      28.2479
    1234      50.6045      21.7493      12.5829      28.2247
    1235      51.0018      21.8946      12.5356      28.4245
    1236      50.5492      21.8587      12.6775      28.2914
    1237      50.4923      21.8196      12.6319      28.2510
    1238      51.0373      21.8877      12.6894      28.4473
    1239      50.6349      21.8245      12.5920      28.2951
    1240      50.1816      21.8125      12.6454      28.1720
    1241      50.1188      21.8425      12.6332      28.1590
    1242      50.2402      21.8936      12.6103      28.2278
    1243      50.4234      21.8751      12.5782      28.2614
    1244      49.7134      21.8750      12.5801      28.0795
    1245      50.0451      21.9081      12.6166      28.1887
    1246      49.6406      21.8435      12.6084      28.0521
    1247      49.7420      21.8707      12.5768      28.0895
    1248      49.8491      21.8315      12.5688      28.0850
    1249      49.7615      21.8613      12.5787      28.0811
    1250      49.5834      21.8705      12.6230      28.0674
    1251      49.0597      21.8724      12.5705      27.9229
    1252      49.0416      21.8550      12.5419      27.9097
    1253      48.7473      21.8639      12.5371      27.8438
    1254      48.8549      21.8313      12.5674      27.8485
    1255      48.8480      21.8645      12.5296      27.8724
    1256      49.2987      21.8829      12.5731      28.0029
    1257      49.1110      21.8326      12.6214      27.9287
    1258      49.1602      21.7508      12.6010      27.8876
    1259      49.3242      21.8395      12.6271      27.9808
    1260      48.8552      21.8005      12.6511      27.8514
    1261      49.4135      21.9468      12.6147      28.0732
    1262      48.4291      21.8367      12.5590      27.7419
    1263      48.5928      21.8622      12.5223      27.7995
    1264      48.2734      21.8504      12.5660      27.7178
    1265      48.6815      21.8577      12.5247      27.8284
    1266      48.3985      21.8194      12.6631      27.7420
    1267      47.9065      21.8898      12.6466      27.6780
    1268      47.7431      21.8032      12.6284      27.5722
    1269      47.6851      21.8183      12.5571      27.5665
    1270      47.8392      21.8800      12.5452      27.6412
    1271      47.2041      21.9128      12.6180      27.5141
    1272      47.1757      21.8362      12.6500      27.4595
    1273      47.4489      21.8623      12.6139      27.5364
    1274      47.9686      21.8976      12.7399      27.7009
    1275      48.8329      21.9409      12.6276      27.9207
    1276      49.0627      21.9302      12.6776      27.9719
    1277      49.4806      21.8939      12.6662      28.0531
    1278      49.2944      21.8968      12.5860      28.0090
    1279      49.4102      21.9694      12.6203      28.0749
    1280      49.0936      21.9041      12.6655      27.9564
    1281      49.1250      21.9376      12.5899      27.9805
    1282      48.6549      21.9530      12.6330      27.8736
    1283      49.2840      21.9797      12.6932      28.0538
    1284      48.7355      21.8644      12.6831      27.8511
    1285      49.0046      21.9207      12.6023      27.9565
    1286      48.8173      21.8513      12.6417      27.8521
    1287      49.0434      21.9194      12.5516      27.9574
    1288      48.2471      21.8638      12.5308      27.7210
    1289      48.3981      21.9089      12.5348      27.7891
    1290      48.2753      21.8680      12.4896      27.7364
    1291      49.0200      22.0345      12.4883      28.0406
    1292      48.2284      22.0035      12.5456      27.8237
    1293      49.0895      21.9394      12.5670      27.9997
    1294      48.5989      21.8948      12.5696      27.8348
    1295      48.3140      21.8577      12.6125      27.7531
    1296      48.0094      22.0006      12.6882      27.7823
    1297      48.1521      21.9186      12.6879      27.7739
    1298      47.8293      21.9425      12.5347      27.6953
    1299      47.5699      21.8909      12.5814      27.5970
    1300      47.5581      21.9017      12.6023      27.6024
    1301      47.6727      21.9047      12.5771      27.6264
    1302      47.9550      21.8603      12.5874      27.6764
    1303      48.6882      22.0158      12.5617      27.9392
    1304      48.2658      21.9856      12.5579      27.8330
    1305      48.0905      21.9612      12.6107      27.7722
    1306      47.3176      21.9021      12.6063      27.5500
    1307      47.9346      21.8867      12.5838      27.6865
    1308      47.9215      21.9314      12.6134      27.7184
    1309      47.9127      21.9599      12.5074      27.7153
    1310      47.4644      21.9207      12.6052      27.5880
    1311      47.3382      21.9588      12.5165      27.5767
    1312      47.7923      21.9421      12.6003      27.6930
    1313      47.6370      21.9705      12.5856      27.6479
    1314      47.3819      21.9235      12.6478      27.5812
    1315      47.1271      21.9167      12.5832      27.4957
    1316      47.5035      21.8313      12.5688      27.5425
    1317      47.1283      21.8718      12.5921      27.4762
    1318      47.2828      21.9666      12.5586      27.5819
    1319      47.4050      21.9479      12.5617      27.5875
    1320      47.4952      21.8582      12.6015      27.5529
    1321      47.1490      21.7964      12.5743      27.4337
    1322      47.3063      21.8070      12.5237      27.4748
    1323      47.6345      21.9271      12.6493      27.6388
    1324      47.4218      21.8261      12.6067      27.5115
    1325      47.7075      21.8405      12.5865      27.5844
    1326      47.4353      21.8993      12.6861      27.5670
    1327      47.9028      21.9522      12.6518      27.7132
    1328      47.4568      21.8920      12.6066      27.5658
    1329      47.5162      21.8955      12.6664      27.5948
    1330      47.3313      21.7464      12.6074      27.4393
    1331      47.5664      21.7444      12.6120      27.5024
    1332      47.6722      21.7937      12.6476      27.5723
    1333      47.8173      21.8088      12.5711      27.6119
    1334      47.5398      21.8891      12.5564      27.5861
    1335      48.5349      21.9440      12.6499      27.8761
    1336      48.2752      21.8569      12.6596      27.7393
    1337      48.5421      21.9172      12.6862      27.8579
    1338      48.5638      21.8116      12.6524      27.7849
    1339      48.0832      21.8052      12.5110      27.6435
    1340      48.6781      21.8457      12.5916      27.8287
    1341      48.3438      21.8565      12.6096      27.7495
    1342      48.9380      21.9116      12.5823      27.9280
    1343      48.9335      21.9225      12.5599      27.9325
    1344      48.3070      21.8754      12.5851      27.7545
    1345      48.5465      21.8954      12.5933      27.8363
    1346      48.5896      21.9472      12.5388      27.8596
    1347      48.4797      21.9338      12.5886      27.8357
    1348      48.2368      21.8981      12.5419      27.7590
    1349      48.1101      21.8812      12.5550      27.7124
    1350      48.7717      21.8801      12.5849      27.8587
    1351      48.1264      21.8585      12.6151      27.7018
    1352      48.5508      21.9553      12.5813      27.8704
    1353      48.3548      21.9370      12.5677      27.8023
    1354      48.0224      21.8541      12.5521      27.6639
    1355      47.7495      21.8540      12.5373      27.6124
    1356      47.8833      21.8278      12.5253      27.6097
    1357      47.6572      21.8603      12.6074      27.5986
    1358      48.0118      21.8531      12.5748      27.6645
    1359      47.9647      21.7387      12.5641      27.5797
    1360      48.0291      21.8101      12.5984      27.6300
    1361      47.8534      21.8160      12.5473      27.5963
    1362      47.7877      21.8348      12.5757      27.5971
    1363      47.7928      21.8235      12.5209      27.5909
    1364      48.0087      21.8478      12.5979      27.6809
    1365      47.8222      21.8679      12.6050      27.6460
    1366      48.1204      21.7584      12.6408      27.6352
    1367      49.1159      21.8572      12.6192      27.9425
    1368      49.5100      21.8645      12.6112      28.0433
    1369      49.5471      21.8225      12.5647      28.0133
    1370      49.7232      21.8850      12.4474      28.0871
    1371      50.0502      21.8737      12.5605      28.1717
    1372      49.9039      21.8058      12.5731      28.0820
    1373      49.8445      21.8373      12.6097      28.0946
    1374      49.9296      21.8246      12.5589      28.1098
    1375      49.4121      21.8300      12.6346      27.9960
    1376      49.9146      21.7861      12.5820      28.0746
    1377      49.9707      21.7934      12.6051      28.0990
    1378      49.6311      21.7935      12.5680      28.0030
    1379      49.5588      21.8500      12.6139      28.0269
    1380      50.1468      21.7894      12.6782      28.1572
    1381      50.1595      21.8358      12.5809      28.1668
    1382      50.1476      21.8424      12.5575      28.1676
    1383      49.8500      21.8339      12.6152      28.1055
    1384      50.2952      21.8134      12.6447      28.2066
    1385      49.5742      21.8414      12.5851      28.0350
    1386      49.2371      21.8035      12.5586      27.9196
    1387      49.5552      21.8414      12.5684      28.0324
    1388      49.4347      21.8434      12.6126      28.0024
    1389      48.7726      21.8381      12.5865      27.8363
    1390      48.9726      21.8399      12.5707      27.8823
    1391      49.2483      21.8874      12.5843      27.9907
    1392      49.1312      21.8318      12.5605      27.9215
    1393      48.6133      21.7749      12.6009      27.7629
    1394      48.7807      21.7358      12.5223      27.7700
    1395      48.5448      21.7660      12.5017      27.7246
    1396      48.1645      21.8560      12.5874      27.6931
    1397      48.0543      21.8569      12.5255      27.6672
    1398      48.3345      21.8353      12.5972      27.7224
    1399      48.5202      21.8255      12.6381      27.7746
    1400      48.9156      21.9032      12.6523      27.9106
    1401      47.8890      21.7811      12.6571      27.5787
    1402      48.3885      21.8252      12.6517      27.7260
    1403      48.4280      21.8232      12.5980      27.7534
    1404      48.4084      21.7610      12.5992      27.6944
    1405      48.1706      21.7335      12.5947      27.6149
    1406      48.3829      21.8572      12.6944      27.7581
    1407      48.6614      21.7919      12.6383      27.7704
    1408      48.0054      21.8568      12.6150      27.6599
    1409      48.4812      21.8096      12.6064      27.7310
    1410      48.5147      21.8865      12.5334      27.7987
    1411      48.7486      21.7651      12.5280      27.7766
    1412      47.8025      21.7657      12.6139      27.5352
    1413      48.6368      21.7959      12.5791      27.7732
    1414      47.9938      21.8169      12.5944      27.6310
    1415      48.7762      21.8439      12.5953      27.8491
    1416      48.3710      21.8009      12.5721      27.7210
    1417      48.0671      21.9479      12.6438      27.7328
    1418      48.1212      21.8624      12.6195      27.6814
    1419      48.7625      21.8996      12.5422      27.8671
    1420      48.3348      21.8749      12.5682      27.7558
    1421      48.4529      21.8303      12.6173      27.7652
    1422      48.5980      21.7600      12.5561      27.7540
    1423      49.2654      21.8212      12.6687      27.9642
    1424      49.1885      21.9171      12.6301      28.0140
    1425      48.2371      21.8151      12.6888      27.7099
    1426      48.3790      21.7483      12.6722      27.7025
    1427      48.2085      21.7351      12.6016      27.6301
    1428      48.0324      21.7262      12.6231      27.5936
    1429      47.6194      21.7715      12.6308      27.5071
    1430      48.1729      21.8506      12.6252      27.7221
    1431      48.1625      21.8702      12.5210      27.7183
    1432      48.1262      21.8625      12.6073      27.7208
    1433      48.3517      21.8959      12.6146      27.7913
    1434      48.3553      21.8680      12.5735      27.7651
    1435      48.2684      21.9241      12.6025      27.7867
    1436      48.5062      21.8918      12.5935      27.8220
    1437      48.6051      21.8742      12.6324      27.8279
    1438      48.4259      21.8450      12.6277      27.7594
    1439      48.8730      21.8328      12.6128      27.8563
    1440      48.4000      21.7977      12.6427      27.7212
    1441      48.4963      21.7807      12.6597      27.7312
    1442      48.0224      21.7610      12.5741      27.5986
    1443      47.6201      21.8119      12.5352      27.5113
    1444      48.0326      21.8245      12.5526      27.6528
    1445      48.2219      21.8777      12.5797      27.7459
    1446      48.0224      21.9462      12.5737      27.7243
    1447      48.2093      21.8139      12.5436      27.6853
    1448      48.6662      21.8800      12.5723      27.8404
    1449      48.9280      21.7720      12.5723      27.8398
    1450      49.0003      21.7865      12.6248      27.8820
    1451      48.7329      21.8037      12.5985      27.8124
    1452      48.6534      21.7735      12.6166      27.7855
    1453      48.4766      21.7379      12.5864      27.7043
    1454      48.4536      21.7677      12.5589      27.7262
    1455      47.9147      21.7386      12.4803      27.5606
    1456      48.8597      21.7993      12.5892      27.8366
    1457      48.5093      21.7131      12.5483      27.6827
    1458      48.0704      21.7518      12.5151      27.5905
    1459      48.4337      21.7463      12.5383      27.6844
    1460      48.5528      21.7677      12.4720      27.7344
    1461      48.2135      21.7438      12.5387      27.6405
    1462      47.7283      21.7374      12.5075      27.5069
    1463      48.2510      21.7121      12.5528      27.6161
    1464      47.9672      21.7287      12.5049      27.5437
    1465      48.4378      21.7590      12.6235      27.7100
    1466      48.1988      21.7873      12.5205      27.6631
    1467      48.1032      21.6950      12.6070      27.5830
    1468      49.0944      21.8197      12.5774      27.9109
    1469      48.2150      21.7469      12.5612      27.6282
    1470      48.3800      21.7808      12.5704      27.6911
    1471      48.1407      21.7702      12.6080      27.6378
    1472      48.1219      21.7793      12.5945      27.6370
    1473      48.4062      21.7957      12.5440      27.7185
    1474      48.0381      21.7853      12.5386      27.6246
    1475      47.7837      21.8131      12.5395      27.5899
    1476      48.1387      21.8619      12.5164      27.6937
    1477      47.7789      21.8034      12.5485      27.5729
    1478      47.7871      21.7594      12.5477      27.5369
    1479      48.0154      21.8422      12.4707      27.6373
    1480      48.0726      21.8738      12.5169      27.6765
    1481      47.6161      21.8085      12.4990      27.5165
    1482      48.2511      21.8844      12.5855      27.7460
